225.5431823730 228.3245849609 222.2079925537
228.6216888428 224.2873687744 214.7700042725
225.3634796143 225.9130554199 215.9060058594
222.5864715576 227.6612396240 224.5599975586
225.1592102051 229.6975860596 231.4881896973
225.1592102051 229.6975860596 231.4881896973
227.8238067627 232.8171997070 223.9011993408
220.5382843018 226.0733795166 228.6959991455
219.1816558838 231.2393493652 229.3904113770
220.2967071533 232.6197357178 223.1999969482
220.9397888184 225.6557006836 223.6918029785
215.8232879639 230.6280975342 218.5440063477
246.4582824707 227.9733734131 209.4660034180
242.2339935303 227.1122131348 213.2900085449
219.5988159180 227.0540313721 226.7299957275
229.7240753174 229.3628540039 218.3499908447
237.3497924805 226.8257141113 217.3218078613
224.4867095947 233.8697357178 219.1499938965
220.8667144775 231.4697265625 225.0399932861
246.2488250732 228.5340270996 211.7500000000
218.1916656494 230.6993560791 232.6204071045
219.6139984131 227.4022064209 236.0700073242
222.9319152832 231.8989868164 222.1180114746
223.5772247314 235.3053588867 233.5299987793
217.0767669678 234.3920135498 235.0846099854
222.2342987061 235.9040679932 234.1824035645
222.4767150879 237.7097320557 236.0399932861
219.9321441650 225.7269287109 232.9431915283
226.1017608643 233.8868103027 218.8209991455
217.0136566162 231.0878295898 227.0139923096
232.6946563721 224.5923461914 215.3600006104
219.2551422119 232.6199951172 232.6430053711
217.2420654297 227.2880401611 222.9720001221
247.9662933350 225.0487060547 206.3249969482
227.1416625977 234.8093566895 221.2304077148
219.7064666748 225.4312438965 229.9300079346
220.7139587402 227.8500061035 219.7238006592
223.8440704346 230.8828430176 223.9099884033
239.7846679688 226.9023437500 215.8899993896
221.0146636963 229.1323547363 220.6600036621
222.6572265625 233.5153503418 232.2900085449
227.4716644287 234.5293579102 222.5404052734
221.9220581055 225.8303985596 236.5970001221
228.9452819824 229.8369293213 223.2340087891
225.8799896240 231.3408508301 223.0700073242
231.0321350098 226.5769348145 216.8131866455
254.2014007568 227.0800018311 209.0288085938
219.7516937256 223.8273773193 233.0399932861
216.2816925049 228.2073669434 219.9199981689
251.5982818604 226.9633789062 211.4459991455
225.7027282715 234.6800994873 221.1989898682
250.1574249268 230.2298583984 207.9000091553
237.7386016846 229.2356109619 217.8475952148
226.7402801514 231.4198303223 223.7149963379
223.3289489746 235.6681823730 235.9069976807
221.0155792236 229.1059112549 227.7890014648
227.2537994385 229.4071960449 214.0312042236
221.0447845459 224.7953186035 236.7310028076
229.8064727783 224.6612396240 216.9000091553
255.0014038086 228.0299987793 208.2788085938
215.0074310303 234.0298614502 222.5500030518
223.4221343994 228.7769317627 233.4832000732
229.0772247314 229.5053558350 214.0599975586
223.3116912842 230.7073669434 234.0899963379
224.3055725098 226.0259094238 238.7489929199
217.8646545410 227.3823547363 226.1699981689
222.1807098389 230.1066436768 236.8560028076
224.0272216797 229.1153564453 239.4100036621
223.1784667969 228.6362915039 236.1797943115
225.8799896240 231.3408508301 223.0700073242
250.7743072510 231.1740722656 208.6524047852
237.6493988037 233.3425292969 215.6439971924
250.1574249268 230.2298583984 207.9000091553
222.8099975586 232.4308471680 235.9600067139
222.4246673584 227.8923492432 220.1699981689
226.0483856201 229.5579528809 218.1959991455
227.0846557617 228.8023529053 219.1199951172
241.0640716553 232.2428436279 213.8399963379
220.6872253418 232.0053558350 221.8000030518
223.3289489746 235.6681823730 235.9069976807
217.4006958008 231.2610321045 228.1101989746
234.3999938965 229.1152343750 215.8273925781
221.7716674805 230.7093505859 240.6304016113
224.7497558594 230.6900024414 217.1100006104
220.4438018799 228.7272033691 226.0211944580
219.1399993896 232.9852294922 225.4573974609
233.9338073730 227.3372039795 216.2611999512
223.3988189697 233.5540313721 235.2099914551
223.4040679932 234.8628540039 235.7699890137
228.3474273682 230.1898651123 216.6699981689
232.5549926758 231.2969207764 215.9953918457
230.1416625977 230.3193511963 217.3204040527
226.3951416016 232.3500061035 217.6029968262
251.3289489746 227.6381835938 208.7969970703
227.2834014893 231.6798706055 224.4826049805
219.2551422119 232.6199951172 232.6430053711
233.9338073730 227.3372039795 216.2611999512
253.1351470947 226.3600006104 208.9430084229
218.1397552490 229.4199981689 219.8800048828
251.8616943359 228.5473632812 205.8200073242
226.2216949463 230.0673675537 221.8399963379
250.7743072510 231.1740722656 208.6524047852
225.8799896240 231.3408508301 223.0700073242
242.5627746582 228.2389984131 212.9161987305
217.5540008545 226.8122100830 224.2500000000
217.4006958008 231.2610321045 228.1101989746
225.4192047119 227.1675872803 237.5981903076
217.0291290283 230.3958587646 226.6439971924
227.6040039062 229.5821990967 217.2200012207
221.4352874756 227.7469329834 224.9140014648
219.4872283936 230.0953521729 220.1600036621
230.4021301270 231.0169372559 219.4731903076
220.9267120361 231.4097290039 236.8999938965
225.8582611084 229.0572967529 214.2710113525
224.7497558594 230.6900024414 217.1100006104
219.3746643066 235.7923431396 236.6100006104
224.1633911133 226.6398620605 221.0225982666
229.3427886963 231.5290069580 224.8661956787
221.7716674805 230.7093505859 240.6304016113
224.2867126465 234.7297363281 222.6399993896
218.4082794189 226.6133880615 224.0159912109
224.0527801514 230.3489990234 233.4061889648
220.7037963867 231.6371917725 235.9212036133
218.4389648438 231.1292572021 221.0989990234
218.1249847412 231.5369262695 232.1053924561
225.2636260986 234.4369812012 219.8695983887
228.6016540527 233.6693572998 222.7804107666
220.8667144775 231.4697265625 225.0399932861
248.9302825928 225.2398376465 208.3549957275
251.3167114258 230.4597320557 208.7400054932
240.5033874512 228.3898620605 212.5326080322
217.6259613037 227.1388092041 224.2068023682
220.6288299561 226.3440246582 224.8499908447
223.6718597412 232.8175201416 233.8519897461
229.7640686035 226.8328552246 219.2500000000
220.5716552734 232.3493499756 223.2604064941
229.3427886963 231.5290069580 224.8661956787
228.8382720947 224.8133850098 213.6259918213
218.3543090820 232.5740661621 221.3524017334
217.0167083740 230.5097351074 234.0299987793
222.6772308350 231.6253509521 233.2500000000
220.5739898682 228.9222106934 221.0299987793
222.0059661865 228.2488098145 219.6068115234
246.2488250732 228.5340270996 211.7500000000
222.2313995361 230.2500000000 218.4788055420
243.1455841064 228.8659057617 212.7489929199
217.7214050293 229.5599975586 220.1788024902
229.7588195801 225.5240325928 218.6900024414
221.7716674805 230.7093505859 240.6304016113
220.3539581299 226.4499969482 235.9638061523
221.1440734863 230.3528442383 237.7399902344
223.1867065430 235.9197387695 234.9299926758
225.5431823730 228.3245849609 222.2079925537
222.6772308350 231.6253509521 233.2500000000
226.2797546387 227.6699981689 215.0400085449
229.9152832031 225.0269317627 215.8939971924
226.2797546387 227.6699981689 215.0400085449
226.2216949463 230.0673675537 221.8399963379
221.0155792236 229.1059112549 227.7890014648
223.4243011475 229.5340728760 240.6824035645
229.4097595215 228.6900024414 213.2500000000
221.9321441650 227.6369323730 228.4431915283
222.9126434326 226.0268096924 238.6829986572
228.3489685059 233.3292694092 218.0089874268
246.5059661865 225.7888031006 208.8768005371
224.2257537842 231.8959045410 222.9029998779
224.7497558594 230.6900024414 217.1100006104
224.4038238525 227.5384674072 222.4713897705
227.4488220215 225.0040283203 217.7700042725
219.8984680176 231.7562866211 225.1897888184
227.5274200439 229.8898620605 214.6199951172
228.2037963867 227.4671936035 219.1712036133
220.4367675781 229.3020172119 220.8746032715
219.9397583008 236.5399932861 235.2100067139
218.4482574463 234.9172973633 237.4410095215
218.8946685791 226.6723480225 224.2899932861
246.7920684814 227.4180450439 211.4320068359
229.8972320557 229.8053588867 216.1100006104
232.5549926758 231.2969207764 215.9953918457
229.5067138672 230.4197387695 217.5099945068
222.4767150879 237.7097320557 236.0399932861
218.7808685303 228.9529724121 237.7500000000
220.0513916016 234.8099975586 233.7288055420
219.6108703613 236.8829650879 237.4499969482
229.5640716553 230.3428497314 222.2999877930
230.8631896973 225.7445831299 215.8079986572
221.4438018799 229.8672027588 225.8211975098
225.1792144775 227.1475830078 231.3481903076
221.0282745361 227.2133789062 232.5760040283
224.5682525635 233.4772949219 224.1210021973
246.4157562256 225.7159118652 207.5429992676
220.0918579102 224.3275299072 233.5419921875
236.4767150879 232.9397277832 215.1499938965
224.5499877930 228.4252319336 236.4473876953
225.8799896240 231.3408508301 223.0700073242
223.5131835938 228.1145782471 236.1279907227
217.2939605713 232.0599975586 225.0738067627
222.7886047363 232.5856170654 221.2375946045
219.6108703613 236.8829650879 237.4499969482
240.1737976074 229.0571899414 218.3011932373
227.2834014893 231.6798706055 224.4826049805
234.3999938965 229.1152343750 215.8273925781
218.8013916016 231.2599945068 231.8388061523
229.8116607666 230.3293609619 215.8204040527
229.7152862549 225.2269287109 218.1739959717
218.9027862549 232.3789978027 228.5261993408
224.7238006592 230.3771972656 223.9812011719
230.2621307373 231.1869354248 221.8731994629
246.6333923340 226.6898651123 210.8026123047
224.0217590332 234.3468017578 219.9810028076
219.9782562256 236.5173034668 237.5310058594
224.6616821289 228.1973724365 240.2500000000
251.5288238525 228.0940246582 209.0200042725
255.0014038086 228.0299987793 208.2788085938
240.9382781982 227.5733795166 213.8359985352
223.1274261475 234.4998626709 221.8000030518
217.0167083740 230.5097351074 234.0299987793
227.9336242676 229.9569854736 214.4595947266
218.1059570312 227.8488006592 234.9168090820
229.5889739990 231.9792633057 219.5189971924
219.9321441650 225.7269287109 232.9431915283
219.8984680176 231.7562866211 225.1897888184
217.5540008545 226.8122100830 224.2500000000
228.6867065430 230.1197357178 215.4599914551
220.4167175293 229.7297363281 231.0299987793
240.8467102051 233.2997283936 213.0000000000
217.5540008545 226.8122100830 224.2500000000
227.0997619629 230.7899932861 216.6600036621
218.9027862549 232.3789978027 228.5261993408
235.2692108154 227.8575897217 216.9781951904
217.6420593262 229.2480468750 234.8120117188
222.3107147217 230.7366485596 224.1959991455
219.7374267578 237.5998535156 236.0500030518
224.2116851807 234.3873748779 234.3699951172
225.9736175537 228.8069763184 216.4496002197
223.8397827148 225.1457061768 219.8717956543
229.0772247314 229.5053558350 214.0599975586
220.4551391602 236.0200042725 234.2830047607
240.5037994385 232.1571960449 214.0711975098
251.5288238525 228.0940246582 209.0200042725
240.9382781982 227.5733795166 213.8359985352
222.4767150879 237.7097320557 236.0399932861
218.4886016846 229.6156158447 236.2776031494
218.1059570312 227.8488006592 234.9168090820
238.2713928223 228.6799926758 214.2187957764
218.0674285889 230.9698638916 229.0299987793
227.0846557617 228.8023529053 219.1199951172
229.0227355957 232.8701019287 221.5489959717
251.8616943359 228.5473632812 205.8200073242
225.8799896240 231.3408508301 223.0700073242
218.7427825928 232.5890045166 225.1361999512
220.0918579102 224.3275299072 233.5419921875
222.4674224854 231.7098541260 222.2299957275
225.8164672852 227.2812347412 220.3800048828
222.4767150879 237.7097320557 236.0399932861
237.3497924805 226.8257141113 217.3218078613
240.5037994385 232.1571960449 214.0711975098
224.2116851807 234.3873748779 234.3699951172
219.3165893555 232.6716918945 227.2757873535
217.7216644287 233.5693511963 223.6204071045
219.6108703613 236.8829650879 237.4499969482
234.2738189697 227.9584808350 216.0614013672
222.7646636963 232.6923522949 222.3600006104
234.9537963867 226.1772003174 216.2812042236
240.3497619629 227.6499938965 214.4900054932
229.8972320557 229.8053588867 216.1100006104
219.7236175537 236.5269775391 235.0895996094
218.0674285889 230.9698638916 229.0299987793
240.3497619629 227.6499938965 214.4900054932
221.0227813721 230.8990020752 228.5561981201
234.1627807617 228.5090026855 218.8961944580
227.5520629883 225.0880432129 216.1720123291
222.7040710449 229.1128540039 235.4299926758
237.6727294922 232.0801086426 216.4389953613
228.9537963867 231.9571990967 224.1412048340
228.9421997070 224.4898681641 215.0800018311
251.3289489746 227.6381835938 208.7969970703
223.6539611816 227.2200012207 215.8137969971
221.3174285889 237.4798583984 235.1999969482
251.3167114258 230.4597320557 208.7400054932
218.9027862549 232.3789978027 228.5261993408
237.6727294922 232.0801086426 216.4389953613
223.5297546387 232.5800018311 217.4700012207
240.6592102051 225.4875946045 213.0881958008
219.9586181641 235.0317687988 233.3759918213
217.6420593262 229.2480468750 234.8120117188
235.4657592773 229.1259155273 216.0330047607
241.0027313232 232.5200958252 215.2189941406
218.8946685791 226.6723480225 224.2899932861
218.8946685791 226.6723480225 224.2899932861
220.5140686035 231.5628509521 224.0399932861
216.7220611572 228.9780426025 225.5520019531
236.4767150879 232.9397277832 215.1499938965
237.6493988037 233.3425292969 215.6439971924
223.6221923828 227.0698699951 221.4799957275
246.4157562256 225.7159118652 207.5429992676
223.1547851562 225.8253173828 230.5809936523
218.9339904785 226.9222106934 225.3300018311
225.5193939209 235.3625335693 222.5940093994
223.3213958740 232.0299987793 217.6087951660
251.5288238525 228.0940246582 209.0200042725
224.6138305664 228.3984680176 231.2213897705
240.6592102051 225.4875946045 213.0881958008
223.3721313477 230.2569274902 233.3231964111
222.0637969971 231.0271911621 235.5912017822
241.7297515869 228.3200073242 212.7300109863
230.5089569092 230.6481781006 220.7369995117
220.1736450195 229.9978179932 231.8739929199
252.8417663574 227.8968048096 210.1610107422
225.8582611084 229.0572967529 214.2710113525
224.5682525635 233.4772949219 224.1210021973
216.2098083496 227.4167480469 220.6499938965
235.8082580566 230.7073059082 217.2510070801
219.7064666748 225.4312438965 229.9300079346
223.5343017578 229.1640777588 239.2023925781
217.3539581299 232.9400024414 233.9338073730
235.4657592773 229.1259155273 216.0330047607
217.8859558105 230.0487976074 234.1068115234
221.9537963867 235.1871948242 237.8112030029
224.6616821289 228.1973724365 240.2500000000
224.1918640137 233.8475189209 234.5319976807
237.7386016846 229.2356109619 217.8475952148
225.8164672852 227.2812347412 220.3800048828
239.7327880859 228.1690063477 218.8562011719
220.8667144775 231.4697265625 225.0399932861
227.0997619629 230.7899932861 216.6600036621
239.2549896240 227.5869293213 213.8553924561
227.4008636475 229.1729736328 216.0199890137
224.6616821289 228.1973724365 240.2500000000
240.3497619629 227.6499938965 214.4900054932
222.0059661865 228.2488098145 219.6068115234
231.6333007812 228.3826904297 218.7579956055
224.1588287354 227.5640258789 220.7299957275
233.0626373291 226.7168121338 217.3130035400
233.0626373291 226.7168121338 217.3130035400
221.3174285889 237.4798583984 235.1999969482
222.1667633057 231.4820098877 231.1045989990
221.0416564941 231.1793518066 236.8303985596
222.3007202148 230.5166473389 230.5260009766
230.3667144775 229.9797363281 214.9299926758
218.8946685791 226.6723480225 224.2899932861
221.4172210693 230.8053588867 220.7500000000
222.4674224854 231.7098541260 222.2299957275
231.6333007812 228.3826904297 218.7579956055
221.5921936035 226.8598632812 235.3999938965
230.2289581299 230.1881713867 218.5469970703
222.1292114258 230.2475891113 226.6381988525
223.4292144775 227.5175933838 221.2581939697
219.9397583008 236.5399932861 235.2100067139
226.7839965820 224.8722076416 216.3700103760
226.0774230957 228.7298583984 215.8800048828
216.9018707275 229.0675201416 219.9720001221
241.5188293457 226.5740203857 216.4499969482
218.7808685303 228.9529724121 237.7500000000
222.9214019775 229.4600067139 217.3388061523
227.2537994385 229.4071960449 214.0312042236
240.1888275146 228.5940246582 213.2500000000
242.0462951660 227.5086975098 213.3150024414
219.1374206543 232.3898620605 222.3600006104
221.3174285889 237.4798583984 235.1999969482
223.5772247314 235.3053588867 233.5299987793
228.2636260986 229.9469757080 215.9595947266
215.8232879639 230.6280975342 218.5440063477
226.0972290039 231.3653564453 217.3899993896
235.1908721924 231.9929656982 215.7099914551
218.1249847412 231.5369262695 232.1053924561
240.6592102051 225.4875946045 213.0881958008
252.3416900635 228.9273681641 208.1800079346
222.4047851562 225.0253143311 222.5410003662
239.7255859375 226.3759155273 218.0890045166
219.9640045166 226.2122039795 223.4499969482
228.2636260986 229.9469757080 215.9595947266
218.1249847412 231.5369262695 232.1053924561
229.3427886963 231.5290069580 224.8661956787
227.1416625977 234.8093566895 221.2304077148
224.5682525635 233.4772949219 224.1210021973
246.4582824707 227.9733734131 209.4660034180
223.5787506104 226.1860046387 218.9586029053
248.3388214111 225.3340301514 205.9100036621
241.0027313232 232.5200958252 215.2189941406
220.9772338867 228.6353607178 226.7400054932
223.3988189697 233.5540313721 235.2099914551
220.4352874756 226.6069335938 225.1139984131
233.0704650879 228.6669464111 218.1473999023
239.2549896240 227.5869293213 213.8553924561
218.6097564697 231.3899993896 231.7000122070
223.5787506104 226.1860046387 218.9586029053
217.9491271973 230.6658630371 235.9040069580
218.4449920654 234.0369262695 223.9853973389
237.9879150391 230.5476226807 217.6569976807
229.7588195801 225.5240325928 218.6900024414
239.7327880859 228.1690063477 218.8562011719
227.6040039062 229.5821990967 217.2200012207
242.0462951660 227.5086975098 213.3150024414
218.8946685791 226.6723480225 224.2899932861
222.3716888428 226.7673645020 229.9300079346
222.2342987061 235.9040679932 234.1824035645
224.7497558594 230.6900024414 217.1100006104
221.4352874756 227.7469329834 224.9140014648
224.3447875977 225.5653228760 216.5809936523
228.6216888428 224.2873687744 214.7700042725
227.3551483154 230.5399932861 216.9230041504
216.8567657471 233.7220153809 222.8346099854
227.8238067627 232.8171997070 223.9011993408
220.4438018799 228.7272033691 226.0211944580
218.5382843018 227.6033782959 221.0859985352
224.6138305664 228.3984680176 231.2213897705
240.3497619629 227.6499938965 214.4900054932
222.8099975586 232.4308471680 235.9600067139
226.1832733154 234.3180999756 220.2140045166
226.2227783203 226.4889984131 221.4061889648
219.9397583008 236.5399932861 235.2100067139
220.4438018799 228.7272033691 226.0211944580
222.2886047363 230.5556182861 223.5276031494
224.2899932861 230.9552307129 230.3373870850
223.5297546387 232.5800018311 217.4700012207
224.1588287354 227.5640258789 220.7299957275
239.4349975586 229.6169281006 217.7053985596
250.8399963379 226.4908599854 207.9100036621
251.6997528076 228.1999969482 210.7000122070
215.5172271729 230.7153472900 218.3200073242
217.4006958008 231.2610321045 228.1101989746
218.7808685303 228.9529724121 237.7500000000
219.1399993896 232.9852294922 225.4573974609
220.4786224365 236.0617675781 234.0559997559
221.0146636963 229.1323547363 220.6600036621
226.8157653809 229.9159088135 221.1430053711
225.8799896240 231.3408508301 223.0700073242
241.7297515869 228.3200073242 212.7300109863
219.9043121338 230.6540679932 220.6324005127
223.3274230957 233.6398620605 218.3099975586
229.0449981689 232.9769287109 223.7153930664
218.9039916992 224.3622131348 230.8700103760
223.6718597412 232.8175201416 233.8519897461
226.2689666748 233.7892608643 219.1689910889
233.8649902344 229.9569244385 217.7453918457
226.2155761719 224.6959075928 220.6389923096
221.2716674805 230.1193542480 230.5104064941
229.7640686035 226.8328552246 219.2500000000
230.2289581299 230.1881713867 218.5469970703
218.5446624756 227.8623504639 236.9100036621
220.0918579102 224.3275299072 233.5419921875
218.4389648438 231.1292572021 221.0989990234
220.6340789795 227.6528472900 225.4099884033
219.7516937256 223.8273773193 233.0399932861
240.0838012695 231.0171966553 216.9111938477
231.1916961670 226.1873626709 213.9799957275
216.1516876221 229.7973632812 219.1600036621
221.9036254883 231.9669799805 219.8395996094
228.9452819824 229.8369293213 223.2340087891
217.7214050293 229.5599975586 220.1788024902
246.5059661865 225.7888031006 208.8768005371
217.5540008545 226.8122100830 224.2500000000
229.5588226318 229.0340270996 221.7399902344
221.9564666748 227.2212371826 233.3300018311
251.5982818604 226.9633789062 211.4459991455
227.7743072510 233.8140716553 218.9624023438
218.3513946533 233.2799987793 233.3787994385
218.6317596436 235.9568023682 235.4110107422
225.5043029785 233.1240692139 218.0623931885
216.3840789795 233.2028503418 224.2299957275
234.1555786133 226.7159118652 218.1289978027
223.5131835938 228.1145782471 236.1279907227
251.3167114258 230.4597320557 208.7400054932
219.3540039062 226.9222106934 233.8300018311
220.0918579102 224.3275299072 233.5419921875
254.3197784424 227.3557128906 209.3417968750
251.6997528076 228.1999969482 210.7000122070
227.5633087158 227.9726867676 219.9479980469
221.9220581055 225.8303985596 236.5970001221
223.3947753906 225.8453216553 236.8309936523
228.9452819824 229.8369293213 223.2340087891
222.6988220215 227.8040313721 234.8699951172
217.8859558105 230.0487976074 234.1068115234
222.5040740967 231.1828460693 235.4899902344
240.3762969971 226.8087005615 214.7050018311
224.0655822754 226.0059051514 232.4989929199
224.3886108398 227.0656127930 214.4275970459
232.6946563721 224.5923461914 215.3600006104
219.5988159180 227.0540313721 226.7299957275
219.0213928223 230.2599945068 220.5388031006
218.7808685303 228.9529724121 237.7500000000
221.3774261475 230.9398651123 220.1000061035
219.3540039062 226.9222106934 233.8300018311
246.5059661865 225.7888031006 208.8768005371
223.1867065430 235.9197387695 234.9299926758
227.2367095947 228.9597320557 216.7200012207
216.0082550049 230.6472930908 223.9410095215
239.5527801514 226.1390075684 215.0061950684
229.5067138672 230.4197387695 217.5099945068
225.1592102051 229.6975860596 231.4881896973
224.1918640137 233.8475189209 234.5319976807
241.3402862549 226.9998321533 216.7350006104
218.6936187744 231.9769744873 221.8995971680
221.3774261475 230.9398651123 220.1000061035
228.2608642578 226.9429779053 218.9700012207
222.1502838135 234.4598388672 237.1250000000
222.9321441650 227.6369323730 229.6031951904
248.3388214111 225.3340301514 205.9100036621
230.2289581299 230.1881713867 218.5469970703
225.1720581055 225.5003967285 217.7070007324
219.9640045166 226.2122039795 223.4499969482
219.2551422119 232.6199951172 232.6430053711
238.6440734863 233.2928466797 214.1799926758
222.0059661865 228.2488098145 219.6068115234
226.5357666016 229.4559020996 218.9530029297
251.6521301270 228.1669311523 210.1431884766
252.5425872803 226.0399932861 209.8180084229
230.2621307373 231.1869354248 221.8731994629
233.0704650879 228.6669464111 218.1473999023
225.1592102051 229.6975860596 231.4881896973
222.5936279297 231.1769866943 218.6996002197
229.5800018311 232.1352386475 221.7973937988
222.1579132080 236.3576202393 237.9369964600
241.0640716553 232.2428436279 213.8399963379
218.2188262939 226.9440307617 225.6499938965
216.8433990479 232.5298614502 228.1426086426
220.5374298096 232.0198669434 232.1000061035
233.0704650879 228.6669464111 218.1473999023
223.1274261475 234.4998626709 221.8000030518
221.3097534180 232.8399963379 232.0100097656
215.5172271729 230.7153472900 218.3200073242
230.4938049316 228.6071929932 218.6811981201
216.5367584229 231.2220153809 230.9546051025
221.6372222900 230.2853546143 239.3200073242
229.8972320557 229.8053588867 216.1100006104
220.1617584229 237.5568084717 235.5010070801
242.5555725098 226.4459075928 212.1490020752
222.2886047363 230.5556182861 223.5276031494
225.1792144775 227.1475830078 231.3481903076
220.4167175293 229.7297363281 231.0299987793
224.6616821289 228.1973724365 240.2500000000
229.7238006592 227.3471984863 219.0811920166
222.2886047363 230.5556182861 223.5276031494
221.6152954102 226.2869262695 230.9640045166
218.6322021484 226.6898651123 221.8799896240
242.0462951660 227.5086975098 213.3150024414
224.5582580566 225.7472991943 214.8610076904
218.0738067627 231.8571929932 224.9812011719
233.8649902344 229.9569244385 217.7453918457
246.6333923340 226.6898651123 210.8026123047
226.2155761719 224.6959075928 220.6389923096
241.0027313232 232.5200958252 215.2189941406
225.4088287354 229.2340240479 222.6799926758
223.3227844238 226.9989929199 225.2261962891
250.2039947510 226.9022064209 210.1300048828
220.0188293457 227.0540313721 235.2299957275
223.3767700195 228.6720123291 216.9645996094
221.3774261475 230.9398651123 220.1000061035
240.5033874512 228.3898620605 212.5326080322
232.5549926758 231.2969207764 215.9953918457
216.7208709717 228.3629760742 225.9299926758
222.6988220215 227.8040313721 234.8699951172
218.6936187744 231.9769744873 221.8995971680
252.4818572998 228.1175231934 207.7819976807
218.5382843018 227.6033782959 221.0859985352
220.5374298096 232.0198669434 232.1000061035
226.2688293457 229.4340209961 220.7899932861
225.4192047119 227.1675872803 237.5981903076
225.8582611084 229.0572967529 214.2710113525
246.6940002441 228.1222076416 209.0100097656
223.8440704346 230.8828430176 223.9099884033
234.9537963867 226.1772003174 216.2812042236
255.0939483643 228.3800048828 207.4237976074
224.0272216797 229.1153564453 239.4100036621
223.3947753906 225.8453216553 236.8309936523
239.7327880859 228.1690063477 218.8562011719
218.4736175537 232.9769744873 233.1996002197
239.5455780029 224.3459167480 214.2389984131
226.2797546387 227.6699981689 215.0400085449
229.5067138672 230.4197387695 217.5099945068
224.3886108398 227.0656127930 214.4275970459
225.8799896240 231.3408508301 223.0700073242
227.2834014893 231.6798706055 224.4826049805
220.7397613525 230.9600067139 231.2600097656
217.0767669678 234.3920135498 235.0846099854
242.2339935303 227.1122131348 213.2900085449
232.9308624268 225.6829681396 216.1999969482
231.1159667969 225.7488098145 214.4468078613
223.1547851562 225.8253173828 230.5809936523
240.1652832031 226.9369201660 217.3939971924
240.1888275146 228.5940246582 213.2500000000
231.1916961670 226.1873626709 213.9799957275
218.0674285889 230.9698638916 229.0299987793
218.6317596436 235.9568023682 235.4110107422
220.6340789795 227.6528472900 225.4099884033
251.5340728760 229.4028472900 209.5800018311
224.3447875977 225.5653228760 216.5809936523
255.0014038086 228.0299987793 208.2788085938
219.5988159180 227.0540313721 226.7299957275
219.2551422119 232.6199951172 232.6430053711
242.5555725098 226.4459075928 212.1490020752
217.6432800293 230.6181030273 220.1739959717
222.7886047363 232.5856170654 221.2375946045
220.9397888184 225.6557006836 223.6918029785
223.5787506104 226.1860046387 218.9586029053
222.8083953857 229.7179565430 228.7059936523
216.6833953857 232.7398681641 224.7526092529
223.1274261475 234.4998626709 221.8000030518
220.2716674805 230.1193542480 229.3504028320
228.6216888428 224.2873687744 214.7700042725
218.9617614746 234.1567993164 233.8610076904
218.6317596436 235.9568023682 235.4110107422
227.8088226318 223.4540252686 215.6100006104
216.5572357178 233.6453552246 221.9900054932
229.8116607666 230.3293609619 215.8204040527
248.9302825928 225.2398376465 208.3549957275
220.9397888184 225.6557006836 223.6918029785
214.8808746338 233.3129730225 223.9499969482
251.3572235107 231.0553588867 209.1300048828
223.2004699707 228.2469329834 224.5573883057
229.7640686035 226.8328552246 219.2500000000
223.5486145020 234.9717712402 221.1660003662
217.3399963379 227.6408538818 223.0299987793
220.4786224365 236.0617675781 234.0559997559
221.9220581055 225.8303985596 236.5970001221
219.5688171387 224.4940338135 232.2700042725
228.3474273682 230.1898651123 216.6699981689
222.3442993164 231.7440643311 231.9624023438
226.2797546387 227.6699981689 215.0400085449
220.1736450195 229.9978179932 231.8739929199
229.7152862549 225.2269287109 218.1739959717
235.1308746338 225.9929656982 216.0500030518
221.0227813721 230.8990020752 228.5561981201
220.0513916016 234.8099975586 233.7288055420
228.9421997070 224.4898681641 215.0800018311
234.1555786133 226.7159118652 218.1289978027
220.6340789795 227.6528472900 225.4099884033
215.8232879639 230.6280975342 218.5440063477
221.6067657471 232.7220153809 241.2746124268
220.9842987061 232.3540649414 232.2924041748
218.1136474609 231.5978240967 234.0839996338
219.3746643066 235.7923431396 236.6100006104
238.1239624023 227.8500061035 215.4038085938
222.2886047363 230.5556182861 223.5276031494
251.4032745361 229.6781005859 206.3540039062
229.3427886963 231.5290069580 224.8661956787
221.4438018799 229.8672027588 225.8211975098
218.6097564697 231.3899993896 231.7000122070
221.4172210693 230.8053588867 220.7500000000
229.4097595215 228.6900024414 213.2500000000
238.7027282715 233.2201080322 214.7989959717
225.8233032227 228.9826812744 221.1080017090
218.2188262939 226.9440307617 225.6499938965
221.0155792236 229.1059112549 227.7890014648
254.3197784424 227.3557128906 209.3417968750
230.8631896973 225.7445831299 215.8079986572
226.5357666016 229.4559020996 218.9530029297
225.2636260986 234.4369812012 219.8695983887
217.1936492920 231.3278198242 224.8239898682
233.0704650879 228.6669464111 218.1473999023
234.9537963867 226.1772003174 216.2812042236
225.3859558105 225.8787994385 217.3568115234
229.6791229248 228.5258636475 218.3939971924
249.3152923584 225.2569274902 209.7839965820
246.7920684814 227.4180450439 211.4320068359
225.5043029785 233.1240692139 218.0623931885
230.5089569092 230.6481781006 220.7369995117
217.7216644287 233.5693511963 223.6204071045
218.2188262939 226.9440307617 225.6499938965
223.3947753906 225.8453216553 236.8309936523
242.5627746582 228.2389984131 212.9161987305
223.5116882324 228.6373748779 234.0299987793
222.9319152832 231.8989868164 222.1180114746
225.4386138916 227.8456115723 214.8475952148
229.0502929688 228.9798278809 219.7649993896
223.3227844238 226.9989929199 225.2261962891
216.5143127441 231.2340698242 219.7523956299
220.7018585205 225.9175262451 231.7719879150
217.2420654297 227.2880401611 222.9720001221
246.4582824707 227.9733734131 209.4660034180
251.5340728760 229.4028472900 209.5800018311
223.5343017578 229.1640777588 239.2023925781
250.1574249268 230.2298583984 207.9000091553
221.5588226318 225.9340209961 230.7700042725
225.9736175537 228.8069763184 216.4496002197
216.2443084717 232.6140747070 220.1524047852
216.5143127441 231.2340698242 219.7523956299
221.2599945068 231.5052337646 225.4873962402
219.7516937256 223.8273773193 233.0399932861
224.0727844238 227.7989959717 233.2661895752
218.0674285889 230.9698638916 229.0299987793
218.1249847412 231.5369262695 232.1053924561
217.7216644287 233.5693511963 223.6204071045
218.8013916016 231.2599945068 231.8388061523
231.6264648438 226.6812438965 218.0299987793
222.0059661865 228.2488098145 219.6068115234
228.6016540527 233.6693572998 222.7804107666
222.5936279297 231.1769866943 218.6996002197
215.8232879639 230.6280975342 218.5440063477
225.1592102051 229.6975860596 231.4881896973
237.3559570312 227.4687957764 216.4868011475
221.6116943359 227.7173767090 227.5800018311
229.9152832031 225.0269317627 215.8939971924
227.5564727783 226.2712402344 219.2200012207
222.1807098389 230.1066436768 236.8560028076
