221.16 237.47 244.79
222.59 236.05 245.57
221.76 235.35 245.66
223.29 235.86 244.34
224.68 235.96 244.58
225.13 235.00 244.35
223.88 238.22 242.82
222.69 233.01 246.10
225.17 233.34 245.87
225.66 232.26 245.11
226.54 232.61 244.57
224.66 231.69 244.08
224.13 232.51 243.58
225.51 230.98 243.17
225.42 229.59 243.41
225.01 229.12 242.51
226.74 228.99 243.71
227.98 229.44 243.32
228.10 230.35 242.75
228.98 228.69 243.72
228.32 227.65 244.41
226.05 226.97 244.93
226.97 227.81 244.38
223.67 230.69 244.70
223.58 230.87 245.77
224.47 229.42 244.62
223.83 228.54 244.53
225.04 229.34 245.54
222.32 230.53 244.26
221.68 230.91 242.84
220.43 231.68 242.98
222.72 231.27 241.85
221.24 229.40 242.58
222.23 228.44 242.27
222.09 227.56 242.90
223.20 228.86 242.52
222.34 228.07 240.79
223.29 228.44 240.39
222.24 226.66 240.67
220.86 226.30 240.65
220.71 225.55 239.88
220.58 225.74 242.02
221.49 225.06 242.80
222.38 224.60 242.38
221.29 225.16 244.08
220.16 225.99 244.16
218.08 227.60 243.56
217.53 228.69 243.10
217.49 228.66 242.09
217.85 229.56 243.50
218.44 226.77 242.60
219.60 226.12 242.91
221.21 228.62 239.95
220.90 229.61 240.30
220.12 227.60 240.23
219.49 227.45 239.36
219.54 228.07 241.02
221.55 228.79 238.60
222.08 227.63 237.64
221.19 226.45 237.69
223.54 227.50 237.79
221.73 228.43 236.31
220.48 229.09 236.15
220.58 230.12 236.48
219.72 228.61 236.77
220.01 229.06 234.69
219.46 228.13 234.53
219.17 230.22 234.63
219.79 231.26 233.88
219.22 231.39 232.96
220.14 232.62 234.47
221.34 233.23 234.09
221.92 232.84 233.27
221.86 234.26 234.77
222.84 234.63 234.51
221.04 234.81 235.77
221.34 236.02 236.11
222.13 236.42 235.62
220.55 236.54 236.47
219.81 234.42 236.02
219.34 233.28 235.42
218.19 232.94 235.66
221.20 229.17 233.71
222.14 228.88 234.17
221.15 230.65 233.55
221.35 230.96 232.52
221.94 230.95 234.23
221.23 228.62 232.42
222.57 228.76 231.43
223.28 230.03 231.68
223.30 227.48 231.54
221.85 228.84 229.98
220.71 228.03 229.83
221.00 227.01 230.07
220.07 228.44 230.61
219.71 228.03 228.67
220.24 227.96 227.72
218.98 226.83 229.02
217.87 227.21 229.83
217.13 226.40 229.78
218.12 227.46 231.29
218.37 226.33 232.01
219.01 225.57 231.57
217.71 226.12 233.17
217.76 224.74 233.78
216.74 224.35 233.81
218.38 224.07 233.18
218.15 224.80 234.79
216.87 227.17 233.74
216.07 227.05 234.67
217.00 228.39 233.13
216.67 229.22 233.61
217.63 228.61 231.94
217.65 229.77 231.53
218.62 229.15 228.71
218.88 229.91 229.45
217.35 228.36 229.03
216.92 227.93 228.13
216.59 228.97 229.53
218.07 229.71 227.56
218.80 230.75 226.65
218.13 232.06 226.80
220.25 230.58 226.83
218.25 229.95 225.37
218.58 228.57 225.15
219.04 228.13 226.03
217.66 228.02 224.95
219.53 228.35 223.98
220.07 227.42 224.15
218.77 228.26 222.79
218.71 229.56 222.22
218.75 229.42 221.14
217.37 230.15 222.52
216.39 229.47 221.84
216.59 228.45 221.55
215.32 230.14 221.34
214.57 229.48 220.21
214.78 230.04 219.30
214.91 228.45 220.06
213.50 229.50 220.40
215.05 231.52 221.74
214.15 232.24 221.32
215.94 232.02 222.65
215.82 232.97 222.97
217.16 231.48 222.94
217.97 232.27 223.41
220.53 229.49 223.78
220.52 230.18 224.62
220.01 230.26 222.58
220.68 230.13 221.73
219.95 231.33 222.78
221.86 229.06 223.65
222.36 227.90 222.68
222.55 226.68 223.50
221.55 227.85 221.45
223.76 228.64 222.39
223.81 230.00 221.94
224.85 230.31 221.98
223.28 230.65 222.65
223.22 230.25 220.52
222.19 229.88 220.52
223.11 231.65 220.25
224.31 232.03 219.65
224.14 232.58 218.73
225.20 232.81 220.59
224.93 233.17 221.88
223.94 233.44 222.22
225.93 232.98 222.70
226.91 232.44 221.86
228.04 231.58 222.10
228.57 231.21 223.14
228.52 231.00 220.94
229.00 230.11 221.04
228.18 231.41 219.70
228.24 230.54 218.75
227.71 230.79 217.92
228.26 229.55 218.98
227.28 232.35 219.43
226.58 232.72 220.55
223.91 229.46 219.38
223.60 228.64 220.03
224.91 230.65 219.36
225.36 230.69 218.37
225.71 230.51 220.09
225.09 228.68 219.47
225.33 227.30 218.75
225.45 226.17 219.68
224.49 227.22 217.54
226.83 227.67 218.31
227.29 227.09 217.13
226.89 227.67 216.30
226.89 226.08 217.07
228.81 226.97 217.04
229.20 226.60 217.99
229.08 226.06 215.99
229.01 226.77 214.76
229.82 226.43 214.12
227.68 226.50 214.14
226.96 225.33 214.24
227.25 224.53 214.91
225.92 225.25 213.44
225.91 226.51 212.84
225.09 227.14 211.87
224.11 226.55 211.22
223.65 227.11 210.51
223.91 225.58 211.43
225.30 228.39 211.47
226.34 229.03 211.99
226.49 230.04 211.65
227.22 228.56 212.85
226.96 227.29 213.26
229.58 228.23 216.64
229.16 229.13 217.09
229.25 228.24 215.14
230.02 228.69 214.51
228.34 228.83 215.04
230.90 228.08 217.12
232.23 228.32 216.27
232.08 229.53 215.42
233.39 228.19 217.17
232.19 227.01 215.35
233.02 226.96 214.22
233.54 227.92 214.19
232.38 226.87 213.35
234.04 225.80 214.24
233.87 225.34 215.22
233.49 224.92 213.25
234.49 224.74 212.28
234.36 223.78 211.79
234.37 225.80 211.17
233.92 225.50 209.90
233.85 224.48 209.57
233.55 226.51 209.16
233.79 227.63 209.96
233.58 229.05 209.77
233.15 229.66 208.78
233.88 229.84 210.86
233.83 230.85 210.79
234.31 229.33 212.03
234.64 230.10 213.03
235.54 229.78 213.35
234.04 229.94 213.83
234.56 228.06 212.19
234.29 227.20 211.18
235.63 225.81 214.09
236.07 225.65 215.07
235.64 224.52 213.29
236.60 224.20 212.87
235.38 223.71 213.98
236.47 226.79 213.43
237.76 226.46 212.43
238.78 225.82 213.28
237.27 225.74 211.23
238.28 227.88 211.92
237.39 228.92 211.61
236.83 229.07 212.54
236.72 228.62 210.80
238.01 230.27 211.27
237.96 230.43 210.20
237.36 231.36 211.96
238.30 231.99 212.83
238.08 233.06 212.92
238.20 231.35 214.19
237.06 231.15 214.93
236.13 231.65 214.73
237.17 230.21 215.83
238.50 229.77 215.70
239.26 228.68 216.26
238.96 227.85 217.13
240.53 228.56 215.72
240.96 227.65 215.75
241.11 229.53 214.97
242.20 229.26 214.33
242.41 229.94 213.61
242.34 228.32 213.99
240.50 230.65 214.61
239.17 230.64 214.87
239.47 230.30 211.68
239.63 229.67 212.55
239.59 231.78 212.03
239.58 232.38 211.12
240.50 232.01 212.58
240.26 229.86 210.61
241.75 229.36 210.88
242.38 230.34 211.79
241.79 227.92 211.19
242.24 229.60 209.38
242.05 230.85 208.77
241.60 230.70 207.79
241.39 231.49 209.36
243.38 231.55 208.64
244.17 230.81 208.52
243.24 232.32 207.44
243.49 233.66 207.78
242.27 234.51 207.98
242.72 236.26 209.48
242.91 236.50 210.44
242.04 235.08 209.25
241.22 234.68 210.06
243.75 232.51 209.79
242.82 232.90 210.21
244.44 233.56 208.94
245.40 233.18 208.58
244.59 234.50 209.47
244.48 232.03 210.90
245.99 232.38 211.28
246.25 231.96 212.67
246.38 233.74 210.84
246.56 231.30 210.24
246.63 229.93 210.60
246.80 229.33 209.71
245.69 229.61 211.05
247.78 229.67 211.61
247.38 229.68 212.62
248.32 228.39 211.25
249.43 228.56 210.37
250.31 228.11 210.83
249.34 227.99 209.00
250.15 228.53 208.02
250.97 229.17 208.32
249.89 228.32 206.72
250.49 228.79 205.96
248.79 227.47 206.44
248.52 227.10 205.23
247.78 226.41 205.21
249.18 227.30 204.49
248.12 226.80 207.34
248.41 227.00 208.65
247.92 226.22 209.46
248.93 230.68 211.47
248.59 231.69 211.26
249.58 230.08 210.24
250.62 230.38 210.11
249.02 230.46 209.38
249.76 230.80 212.61
251.19 231.54 212.51
251.24 232.45 211.35
251.61 232.04 213.83
252.05 230.23 212.09
251.77 228.92 212.58
252.31 228.20 211.96
250.70 228.70 212.52
252.05 228.65 214.03
251.13 228.84 214.59
252.43 227.28 214.20
253.85 227.18 214.25
254.15 226.62 215.14
254.34 226.54 212.99
253.58 226.04 211.96
252.62 225.58 212.13
254.02 226.36 210.77
255.19 227.08 211.07
255.99 228.03 210.32
255.93 228.38 209.15
256.90 228.70 211.11
257.25 229.57 210.74
257.21 228.34 212.38
257.66 229.25 213.20
257.50 228.95 214.15
257.48 230.22 212.97
256.62 227.37 213.04
255.53 226.87 212.38
253.14 229.54 214.56
253.33 230.43 213.94
254.35 228.64 214.41
255.07 228.75 215.22
254.80 229.00 213.49
252.57 230.00 215.75
