110.00 120.99 228.95
110.37 121.42 227.58
110.98 120.28 229.78
108.71 120.03 228.87
108.41 119.12 229.92
107.34 119.21 230.10
108.89 119.44 230.84
108.72 117.62 229.69
109.18 117.24 230.60
107.44 117.04 229.53
107.21 116.90 228.14
106.46 116.13 227.97
106.79 118.11 227.40
107.55 118.81 226.48
108.57 119.11 226.66
107.00 118.84 225.29
105.74 118.30 225.54
104.69 117.81 224.75
104.82 117.56 223.46
105.78 117.60 223.12
104.10 116.98 223.05
103.54 117.37 225.27
103.45 117.37 226.59
102.52 117.01 227.01
104.38 117.69 227.48
105.52 118.14 226.88
109.59 117.11 228.49
110.03 117.94 227.95
108.55 116.38 227.64
108.71 116.54 226.57
108.57 115.31 227.83
110.61 116.18 228.89
111.36 115.13 227.86
111.20 115.60 226.47
112.71 114.86 228.40
110.50 113.77 228.05
110.39 113.20 229.34
109.96 113.97 229.98
111.40 113.01 229.70
109.58 111.91 229.55
110.27 111.06 229.60
108.97 112.13 230.83
107.56 112.19 230.68
107.12 111.75 231.58
106.89 113.53 230.48
106.46 114.10 231.64
107.08 114.00 232.52
105.23 114.69 231.70
104.85 115.09 232.63
104.49 114.74 230.49
103.31 115.23 230.36
102.87 115.75 231.11
103.06 115.28 229.38
104.96 114.38 229.34
106.20 113.87 229.29
106.66 113.81 228.17
108.44 111.53 228.59
108.24 112.37 227.93
107.32 111.19 229.58
106.32 111.26 229.17
107.48 110.20 230.00
108.66 110.43 227.74
107.45 109.69 226.96
106.22 110.50 226.87
107.99 109.02 225.77
107.20 108.62 228.13
108.19 107.66 228.39
108.21 107.43 229.46
109.18 108.04 228.12
107.94 106.40 227.59
108.84 106.19 227.02
107.72 105.41 228.56
106.34 105.25 228.73
106.15 104.18 228.82
105.97 105.92 229.99
105.05 106.92 230.19
104.99 107.79 229.54
104.15 106.58 231.07
104.68 105.37 231.55
104.18 104.23 232.23
102.90 104.00 232.43
102.26 104.66 232.01
102.68 103.04 232.64
104.93 103.16 232.49
106.19 103.19 232.09
106.80 102.32 232.28
106.78 104.14 231.40
105.95 105.18 231.13
106.71 106.34 226.66
106.39 107.33 226.33
105.59 105.77 227.50
104.86 106.56 227.73
105.03 104.97 227.01
107.04 105.65 225.48
107.61 104.17 225.43
107.98 103.96 224.03
108.60 103.87 226.47
106.23 103.45 225.75
105.26 103.30 224.75
105.49 103.93 223.89
104.28 103.57 225.12
105.26 101.84 224.35
104.58 101.32 225.02
104.77 101.79 223.03
105.88 101.73 222.15
105.63 100.99 221.38
106.13 102.98 221.40
107.34 103.63 221.22
108.13 103.68 221.95
107.58 103.97 219.99
106.40 103.58 219.38
106.12 103.26 218.06
107.16 103.06 217.28
107.98 102.94 217.86
107.23 103.60 216.43
104.93 102.82 217.66
104.03 102.60 218.62
103.08 102.19 218.31
104.19 102.72 219.92
105.42 103.21 220.25
106.62 101.11 224.38
107.38 101.60 225.00
107.09 101.20 222.92
107.97 101.84 222.88
107.43 100.26 222.49
106.39 99.86 224.99
107.26 98.57 224.66
108.67 98.96 224.49
106.89 97.52 225.63
106.61 98.24 223.22
105.29 98.62 222.80
105.41 99.13 221.84
104.81 99.30 223.50
104.30 97.52 222.53
103.30 97.91 222.66
104.49 97.00 221.21
104.95 95.68 221.41
104.06 95.05 221.50
105.82 95.10 220.37
107.18 95.47 220.35
107.52 96.61 220.09
104.49 96.39 223.50
104.81 96.77 224.47
105.58 95.58 222.79
106.57 96.02 222.84
105.69 94.55 223.12
103.24 95.72 223.56
103.08 94.42 224.43
101.65 94.24 224.72
103.81 93.33 223.75
103.82 94.95 225.78
105.24 94.92 226.08
105.50 95.89 226.52
105.85 94.78 225.19
105.68 93.86 227.09
106.75 93.68 226.98
105.43 94.25 228.43
104.14 93.82 228.79
104.12 93.64 229.86
103.16 94.90 228.53
101.97 94.85 227.83
101.77 94.15 227.04
101.04 95.63 228.32
101.77 96.34 229.27
101.36 97.17 230.31
100.08 97.17 230.59
99.59 96.46 230.07
99.67 97.94 231.10
102.21 97.77 231.15
103.50 97.46 230.98
104.20 97.90 231.67
104.02 96.57 230.14
103.09 96.05 229.28
104.86 92.60 226.83
104.15 92.78 226.02
103.90 92.50 228.03
102.88 92.40 227.67
104.10 91.67 228.70
105.50 91.50 226.21
106.71 90.70 226.79
106.66 89.36 226.18
107.96 91.50 226.77
106.12 90.63 228.27
106.71 91.22 229.41
105.96 91.81 229.95
107.55 91.87 229.16
107.15 90.08 230.33
107.79 90.46 231.13
105.95 89.55 230.87
105.56 88.42 230.12
105.36 87.64 230.85
104.24 88.55 229.43
103.97 88.50 228.07
104.57 89.00 227.32
103.04 87.62 227.77
102.59 87.24 229.04
101.81 86.17 229.53
101.48 85.14 228.79
101.89 85.13 227.86
101.17 84.32 229.29
101.54 86.02 230.83
102.05 86.93 231.65
101.82 86.82 232.70
102.87 87.92 231.35
103.13 88.01 230.02
107.88 89.00 229.52
108.11 89.42 228.54
106.76 87.97 229.26
106.50 87.97 228.20
107.03 86.94 229.50
109.21 88.66 229.93
109.62 87.84 231.23
108.94 88.45 232.38
111.08 87.63 231.24
108.92 86.47 230.79
108.10 85.68 231.61
108.76 85.20 232.34
107.73 84.90 230.94
106.88 86.34 232.31
106.85 87.41 232.13
105.69 85.66 231.88
105.48 84.52 232.69
104.47 84.53 233.08
105.75 83.26 231.91
105.99 83.15 230.56
105.49 83.76 229.83
107.02 82.39 230.29
107.43 81.97 231.56
108.68 81.49 232.10
109.74 81.20 231.54
108.71 81.48 233.48
109.62 81.50 233.92
107.60 81.59 234.25
107.78 82.05 235.46
106.92 82.38 235.89
108.61 82.58 235.67
106.39 81.85 233.78
106.40 82.17 232.45
107.01 86.11 233.82
108.06 86.18 234.09
106.49 84.70 233.85
106.02 84.45 234.80
107.40 84.11 233.71
106.25 86.86 234.74
106.83 87.04 236.25
108.25 87.40 236.15
105.89 87.89 236.99
106.77 85.53 236.86
107.86 84.96 237.59
107.88 83.89 237.39
108.81 85.36 237.23
107.82 85.10 239.13
106.96 84.55 239.51
109.04 84.47 239.51
110.02 85.46 239.75
110.44 85.21 240.72
111.17 85.49 238.79
112.09 84.49 239.06
111.78 83.47 238.91
113.28 84.82 239.64
114.24 83.72 240.03
115.12 83.78 239.40
113.77 82.74 239.93
114.53 83.88 241.07
113.61 86.22 239.94
114.57 86.63 240.58
112.74 87.12 239.38
112.93 88.11 239.46
111.72 86.76 238.56
111.40 87.52 237.67
107.82 86.54 239.72
107.44 87.24 238.97
109.30 86.79 239.93
109.57 87.60 239.25
109.56 87.12 240.94
107.08 86.74 240.92
107.27 88.00 241.94
108.20 89.01 241.39
105.96 88.45 242.46
108.06 87.25 243.17
108.50 85.88 243.17
109.24 85.78 243.96
109.03 85.64 242.24
107.48 84.75 243.37
107.65 84.01 242.58
107.77 84.14 244.63
106.83 84.57 245.58
106.36 83.67 245.96
107.49 85.28 246.72
107.31 84.73 247.96
107.37 83.66 248.07
106.96 85.56 248.99
106.73 85.15 249.96
106.84 86.94 248.66
106.39 87.81 249.51
106.08 87.53 250.43
106.38 88.75 249.12
107.33 87.48 247.59
107.86 86.63 246.67
108.80 87.04 246.01
106.02 85.20 243.38
105.99 86.26 243.11
105.72 85.38 244.87
105.79 86.44 245.11
104.72 85.04 245.16
105.04 84.82 242.40
104.93 83.44 241.57
104.46 83.73 240.20
106.12 82.62 241.77
103.66 82.85 242.35
103.23 83.32 243.62
102.16 83.13 243.60
103.30 84.40 243.72
103.89 82.63 244.85
104.97 82.76 244.82
103.26 83.18 246.02
102.08 82.42 246.32
101.86 82.49 247.38
100.86 82.85 245.56
100.15 82.19 244.56
100.42 81.20 244.21
99.14 82.85 244.06
99.23 84.08 244.72
98.49 85.28 244.65
97.44 85.47 243.87
97.23 84.74 243.22
97.08 86.41 243.84
98.80 86.34 245.39
99.85 86.22 246.20
100.10 87.10 246.77
100.59 85.15 246.43
100.26 84.10 245.63
103.57 81.15 244.87
103.08 81.09 243.90
102.55 81.00 246.01
101.71 80.36 245.74
103.04 80.57 246.88
104.62 80.17 244.93
105.47 79.70 243.61
106.77 80.40 243.67
105.50 78.24 243.39
104.55 80.22 242.40
103.40 79.56 241.88
103.75 78.68 241.34
102.97 80.25 241.15
102.23 79.12 242.82
101.88 79.89 243.51
101.05 78.98 242.07
100.80 77.61 242.00
99.74 77.44 241.86
101.53 77.10 240.83
102.54 76.17 240.78
103.35 76.13 241.49
102.28 75.24 239.89
101.10 75.72 239.30
100.02 75.15 238.61
99.85 73.85 238.53
100.49 73.31 239.09
98.91 73.56 238.32
98.94 75.84 238.24
98.91 77.12 238.58
98.04 77.69 238.30
99.78 77.78 239.31
100.85 77.01 239.66
102.43 77.87 243.68
103.36 77.36 243.43
101.22 77.02 243.33
101.48 75.96 243.28
100.43 77.17 244.07
102.33 78.19 245.05
102.82 77.18 246.19
102.50 77.84 247.49
102.19 75.91 245.83
104.42 77.08 246.01
105.10 76.10 245.22
106.09 76.50 245.00
104.59 75.96 244.26
105.30 74.73 245.86
104.57 74.05 245.41
106.64 74.28 245.58
107.37 74.23 246.79
107.96 73.31 246.76
108.31 75.38 247.02
109.60 74.98 247.23
110.11 74.42 246.45
110.14 75.15 248.47
111.12 74.77 248.72
109.32 75.85 249.40
109.63 76.09 250.63
109.05 75.51 251.22
109.33 77.05 250.75
108.33 76.60 249.06
107.88 76.48 247.78
107.22 77.39 247.33
105.15 74.75 247.39
105.20 75.78 247.74
106.37 74.03 247.93
106.68 74.44 248.89
106.20 72.96 248.07
103.98 74.17 247.93
103.32 72.80 247.45
102.38 73.00 246.33
102.92 72.14 248.70
104.54 71.95 246.81
104.49 70.56 246.58
104.30 70.06 247.53
105.49 70.27 246.24
103.45 70.11 245.50
103.28 71.00 244.88
104.05 69.14 244.63
103.86 67.89 245.24
103.48 67.17 244.52
105.09 67.39 245.94
106.36 67.90 245.83
106.73 68.36 244.92
107.00 67.96 246.97
106.08 67.41 247.87
105.95 67.44 249.31
106.70 67.91 250.16
104.75 66.92 249.76
104.43 67.23 250.66
103.90 66.21 248.97
102.75 65.86 249.48
102.06 65.71 248.76
102.34 66.45 250.20
104.07 66.00 247.67
105.10 66.74 247.16
102.07 69.65 246.11
102.14 70.72 246.30
102.77 68.27 246.25
101.99 67.52 246.15
103.18 68.18 247.25
101.89 69.78 247.54
100.75 69.13 248.43
100.58 69.81 249.74
100.99 67.68 248.44
99.52 69.51 247.47
98.19 69.33 247.89
98.12 69.51 248.96
97.59 70.09 247.39
97.64 67.94 247.55
97.20 67.56 248.47
96.61 68.07 246.57
97.11 67.60 245.32
96.27 67.26 244.72
97.80 68.70 244.58
96.95 69.78 244.46
96.63 70.28 245.36
96.34 70.02 243.27
95.15 70.96 243.24
95.40 71.85 242.65
94.86 71.24 244.25
94.32 70.44 242.76
96.74 69.27 242.08
96.20 69.28 240.98
97.87 68.50 242.24
98.29 68.08 241.43
98.50 68.29 243.44
99.58 67.71 243.41
98.61 66.88 246.96
99.53 67.37 246.63
97.96 66.39 245.68
98.72 66.11 244.94
97.31 65.53 245.81
98.95 65.83 247.85
97.95 64.73 248.39
98.14 63.55 247.52
98.12 64.60 249.84
96.49 65.35 248.10
95.50 64.65 247.38
95.92 63.78 246.87
95.08 65.31 246.61
94.35 64.21 248.28
93.51 64.88 248.09
94.02 62.91 247.85
94.57 61.99 248.76
93.90 61.13 248.79
95.92 61.48 248.45
97.04 61.57 249.25
97.30 62.46 249.80
97.63 60.42 249.47
96.94 59.60 248.59
96.90 58.21 248.41
97.52 57.41 249.24
97.93 57.88 250.04
97.48 56.41 249.09
96.14 57.63 247.48
95.37 58.43 246.76
94.73 57.96 246.02
95.21 59.74 246.87
96.05 60.28 247.81
94.63 64.18 249.80
95.63 64.53 250.06
94.52 62.69 250.11
95.29 62.38 250.82
93.56 62.39 250.55
93.66 65.05 250.39
93.47 65.23 251.96
92.39 66.21 252.20
94.77 65.37 252.64
92.90 63.79 252.27
91.60 63.40 251.88
90.91 64.08 252.38
91.50 62.41 252.32
91.19 63.28 250.37
91.77 63.93 249.71
91.27 61.90 249.95
90.00 61.29 250.14
89.50 61.14 249.19
90.11 60.00 250.88
91.27 59.45 251.37
92.19 59.44 250.80
91.18 59.12 252.63
89.85 59.46 252.93
89.15 59.78 254.15
89.53 59.73 255.32
87.91 60.35 253.94
87.51 60.86 254.71
87.29 60.35 252.73
86.37 61.25 252.50
86.21 61.35 251.51
86.31 62.08 253.06
87.82 59.90 251.62
89.14 59.59 251.76
89.70 63.60 250.20
89.42 64.52 250.70
89.24 62.36 250.95
88.15 62.30 250.98
89.48 62.35 252.02
89.22 63.58 248.84
87.64 63.36 248.50
87.32 62.00 248.97
86.92 64.51 249.06
87.42 63.29 246.92
86.97 62.08 246.30
87.24 62.14 245.24
87.49 61.22 246.71
85.44 61.82 246.36
84.94 62.76 246.13
85.24 60.89 245.30
85.00 59.59 245.83
84.18 59.18 245.25
86.19 58.72 245.62
86.42 58.57 244.27
86.60 59.46 243.69
86.14 57.38 243.68
86.12 57.32 242.16
86.92 56.67 241.82
86.25 58.32 241.74
85.16 56.92 241.85
85.76 56.22 244.48
85.42 55.11 244.07
85.87 56.40 245.83
85.67 55.63 246.45
86.27 57.57 246.42
86.72 57.53 247.56
84.75 61.18 247.60
85.40 61.17 248.47
84.48 59.73 247.25
84.94 59.08 247.99
83.42 59.51 247.22
83.53 61.77 248.03
82.37 62.23 247.03
82.47 63.70 246.88
82.39 61.35 245.84
81.11 61.85 247.97
80.87 60.52 248.41
80.63 60.57 249.47
81.76 59.90 248.31
79.69 59.80 247.74
79.58 58.82 248.20
78.55 60.60 247.97
78.23 61.28 246.76
77.26 60.90 246.45
77.97 62.72 247.00
76.79 62.89 247.66
76.52 62.15 248.40
75.92 63.85 247.27
74.93 63.91 247.71
76.37 64.70 246.23
75.65 65.65 245.72
74.70 65.81 246.04
76.17 66.16 245.03
77.55 64.68 245.70
78.42 63.72 246.10
79.54 63.80 245.63
79.78 59.59 246.23
80.82 59.53 245.91
79.16 60.83 245.64
79.97 61.54 245.41
78.60 60.63 244.73
79.16 58.39 245.79
77.68 57.87 246.13
76.63 58.91 246.12
77.75 56.84 247.19
77.71 57.23 244.69
77.47 58.04 243.54
78.02 57.56 242.73
77.88 59.04 243.66
75.98 58.16 243.19
75.47 58.79 243.92
75.80 58.62 241.84
75.98 57.53 240.94
75.22 57.55 240.16
77.36 57.60 240.32
78.21 58.68 240.36
77.87 59.70 240.39
79.46 58.35 240.55
79.40 56.95 240.64
80.27 55.95 241.22
81.41 56.04 241.66
79.66 54.72 241.35
80.06 54.10 242.04
78.50 54.39 240.72
77.83 53.37 241.18
76.89 53.29 240.81
77.95 53.10 242.14
77.78 55.22 240.00
78.19 56.52 240.14
75.41 56.75 243.24
75.96 56.13 243.94
75.77 56.29 241.84
75.08 55.59 241.37
76.70 55.76 242.04
74.07 56.68 243.67
73.51 55.24 244.08
74.57 54.30 244.50
72.23 55.35 244.80
73.21 54.95 242.56
72.15 55.59 241.91
71.78 56.43 242.49
72.53 55.96 240.96
71.04 54.57 241.66
70.07 55.02 241.87
71.19 54.30 240.28
71.94 53.11 240.14
71.28 52.47 239.55
73.15 53.35 239.30
72.84 53.88 238.06
72.32 54.82 238.02
73.03 53.14 236.94
72.57 53.70 235.60
73.43 53.85 234.96
72.03 54.64 235.73
71.90 52.98 235.13
73.61 51.80 237.03
73.74 50.97 236.14
74.12 51.49 238.27
74.64 50.63 238.37
74.12 52.35 239.34
75.01 52.24 240.18
71.18 53.23 242.42
71.66 53.40 243.38
72.16 52.48 241.53
73.18 52.66 241.88
71.99 51.40 241.57
69.98 52.55 242.77
68.90 51.94 241.77
68.72 52.89 240.67
67.74 51.54 242.59
69.56 50.55 241.22
70.13 50.33 239.93
70.21 49.24 239.83
71.18 50.63 239.88
69.37 50.90 238.71
69.49 51.98 238.64
69.91 50.25 237.56
69.09 49.13 237.24
68.59 49.29 236.29
69.84 47.84 237.29
71.18 47.72 237.57
71.91 48.40 237.16
71.44 46.86 238.53
70.16 46.37 238.83
69.59 45.73 240.00
70.13 45.31 241.02
68.21 45.72 240.00
67.76 45.63 240.90
67.46 45.99 238.90
66.24 46.41 239.09
65.89 46.95 238.31
65.98 46.78 240.00
67.96 46.36 237.73
69.29 46.68 237.81
67.87 50.56 238.76
67.46 50.64 239.77
68.03 49.12 238.36
67.10 48.67 238.00
68.34 48.57 239.24
67.06 51.27 237.85
65.64 50.70 237.43
65.04 49.93 238.55
65.83 50.01 236.13
64.78 52.01 237.22
64.10 52.21 236.01
63.11 52.59 236.26
63.95 51.26 235.50
64.78 53.20 235.06
64.62 52.77 234.07
64.02 54.38 235.20
64.71 55.21 236.11
64.43 56.24 235.89
64.30 54.95 237.51
65.07 55.00 238.65
66.06 54.58 238.72
64.56 55.80 239.55
63.29 56.07 239.03
62.25 56.98 239.30
62.36 57.99 240.13
63.27 58.12 240.55
61.65 58.70 240.05
61.12 57.03 238.59
61.01 56.17 237.59
60.10 56.21 237.01
61.91 55.31 237.16
63.05 55.32 237.91
66.26 53.65 235.13
66.82 52.97 235.76
66.18 55.03 235.80
66.83 55.08 236.68
66.45 55.85 235.14
66.78 53.59 233.78
67.37 54.80 232.84
68.32 55.62 233.63
67.84 54.17 231.59
66.11 55.73 232.46
64.81 55.21 232.22
64.60 54.50 233.03
64.08 56.00 232.33
64.53 54.42 230.93
65.42 53.89 230.59
63.49 53.50 231.36
62.25 53.92 230.82
61.60 53.05 230.73
61.50 54.99 231.59
60.53 54.62 232.49
60.80 53.99 233.33
59.27 55.13 232.34
58.21 54.89 233.39
57.94 55.85 233.82
58.59 54.24 234.18
57.32 54.46 232.93
58.94 55.96 231.16
57.82 56.34 230.82
60.03 56.35 230.43
59.93 57.14 229.80
61.27 56.24 230.99
61.83 57.28 231.30
63.88 55.27 229.83
63.55 56.17 230.34
62.72 54.34 229.45
61.93 54.82 228.87
63.10 53.48 228.90
64.50 55.76 228.67
63.89 57.12 228.02
62.44 56.89 227.79
64.30 58.27 228.83
64.62 57.23 226.60
64.61 56.11 225.75
63.74 55.50 225.97
64.50 56.45 224.72
65.90 55.25 225.93
66.40 55.53 226.86
65.39 53.93 226.00
65.32 53.50 224.67
65.97 52.62 224.65
63.94 53.08 224.25
63.91 51.72 224.36
63.96 51.29 225.35
64.32 51.02 223.27
64.93 49.66 223.50
64.30 48.88 223.09
65.11 49.50 224.57
65.90 49.64 223.00
64.39 51.67 221.95
64.81 51.17 220.91
63.89 52.95 221.93
64.00 53.50 221.08
63.50 53.63 223.05
62.87 54.68 222.95
66.88 55.28 224.73
67.01 56.31 224.41
66.02 54.49 223.76
65.37 55.19 223.23
66.56 53.90 223.02
68.18 54.69 224.89
69.33 54.54 223.71
70.27 53.51 224.21
68.68 54.29 222.41
70.18 55.93 223.54
70.01 56.86 222.45
69.96 56.35 221.49
70.86 57.55 222.43
68.73 57.69 222.67
68.55 57.52 223.73
68.75 59.10 222.53
67.39 59.52 222.70
67.29 59.97 223.69
66.92 60.51 221.70
65.99 60.36 220.68
65.65 59.40 220.33
65.53 61.48 220.20
66.35 62.41 220.83
66.54 63.79 220.65
65.89 64.46 219.73
65.32 63.89 219.12
66.27 65.36 219.48
67.46 64.48 221.33
68.19 63.79 222.21
68.93 64.35 222.75
68.12 62.50 222.51
67.20 61.85 221.73
67.47 57.28 221.90
67.22 56.24 222.11
66.53 58.24 222.64
65.58 58.34 222.12
66.30 57.95 223.66
67.27 57.56 220.51
68.33 58.00 219.33
67.75 59.21 218.72
68.52 56.81 218.47
69.80 58.46 219.84
70.90 58.53 218.94
70.75 57.77 218.17
71.79 58.23 219.49
71.20 59.91 218.26
70.61 60.69 218.74
72.61 60.14 218.40
73.28 59.65 217.24
73.79 60.47 216.74
74.23 58.55 217.57
74.48 58.02 218.81
74.50 58.63 219.70
74.52 56.71 218.82
74.29 56.39 217.48
73.82 55.20 216.80
73.61 54.07 217.22
73.46 55.43 215.49
72.82 54.76 215.09
73.79 56.56 214.81
73.10 56.88 213.75
73.21 57.85 213.52
72.19 56.46 213.61
74.39 57.60 215.34
74.49 57.51 216.70
70.97 59.95 216.72
70.01 59.50 216.46
72.15 59.11 216.33
72.37 59.22 215.27
71.93 58.06 216.52
71.17 61.20 216.05
70.66 61.44 214.51
69.54 60.51 214.28
70.43 62.89 214.37
71.83 60.97 213.45
73.25 61.07 213.62
73.51 60.94 214.67
73.67 60.22 213.08
74.02 62.29 213.09
75.01 62.23 213.54
74.14 62.18 211.68
73.17 63.00 211.07
73.68 63.69 210.39
72.35 62.19 210.13
73.12 61.76 209.07
74.04 61.25 209.29
72.84 62.18 207.81
73.83 61.91 206.69
73.40 61.19 205.99
74.77 61.53 207.09
74.03 62.84 206.16
71.66 63.01 207.55
71.35 63.54 206.49
70.83 63.15 208.64
69.96 63.66 208.52
71.05 62.62 209.88
70.09 62.50 210.62
73.38 63.64 213.41
72.69 63.48 214.23
72.54 63.89 212.15
71.50 63.60 212.34
72.57 64.94 211.87
74.16 64.78 213.84
75.72 65.14 213.55
76.48 63.92 213.24
76.17 66.03 214.64
75.60 66.03 212.22
75.28 65.42 210.99
74.30 65.76 210.67
75.28 64.34 211.14
76.29 65.65 209.87
77.03 64.85 209.89
75.54 65.67 208.64
75.37 67.04 208.24
76.00 67.27 207.39
73.95 67.36 207.94
72.90 66.49 207.96
73.00 65.46 207.63
71.84 66.96 208.56
