219.4838104248 172.0571899414 194.6911926270
211.0847778320 171.1653289795 196.4709930420
211.3336486816 176.2778167725 201.0139923096
224.6197509766 161.3200073242 158.0800018311
222.2727813721 170.3090057373 193.5462036133
221.2688293457 154.4040222168 168.3300018311
215.3867034912 179.1297302246 203.7200012207
211.8862915039 165.0587005615 181.7850036621
210.5589447021 174.4158325195 204.3020019531
216.9979095459 172.7676086426 208.2469940186
218.5316925049 169.0473632812 189.4700012207
216.5238037109 169.3271942139 193.7012023926
219.7816925049 172.2873687744 190.7200012207
216.9672241211 166.6553497314 181.2100067139
215.4746551514 160.3523559570 174.3699951172
218.2216949463 176.4673767090 206.6499938965
213.0063018799 156.3087005615 165.7050018311
217.0772247314 171.5153503418 189.8099975586
218.2208709717 159.8229675293 166.8799896240
226.5474243164 162.1698608398 164.2500000000
217.2836303711 156.9369812012 163.3495941162
213.4282531738 158.0372924805 171.8209991455
212.5886077881 163.3456115723 182.5576019287
216.8766784668 162.1499938965 163.1020050049
215.5967712402 176.2120056152 199.5046081543
218.1733093262 164.9126892090 184.8379974365
213.3486022949 164.3156127930 176.4776000977
215.0636444092 169.1878204346 182.8439941406
229.3989410400 161.3358306885 166.8719940186
213.8936309814 169.4369812012 183.7796020508
215.9897613525 163.9799957275 170.3300018311
220.5302886963 178.8298339844 211.5650024414
218.2251434326 167.8999938965 189.3529968262
208.6339569092 177.8000030518 191.2338104248
213.0882720947 171.0133819580 201.4059906006
217.2407073975 171.7266540527 188.4360046387
215.4382781982 166.9933776855 190.5260009766
229.3989410400 161.3358306885 166.8719940186
216.3397521973 180.3999938965 205.1399993896
219.4184722900 165.3062896729 180.4597930908
215.6816864014 172.0873718262 200.6000061035
211.0259552002 171.4888000488 195.2368011475
223.4432830811 158.2380981445 163.2940063477
210.9574279785 179.2398529053 191.8399963379
221.1143035889 181.7340698242 207.6623992920
210.6651458740 169.8099975586 201.5230102539
219.5497589111 182.0099945068 206.6800079346
213.8446655273 163.2623443604 172.4799957275
217.5097503662 167.2700042725 181.9800109863
212.0402832031 170.0998382568 205.1750030518
227.3152923584 157.1769256592 162.3840026855
221.6021423340 179.4369354248 208.0131988525
218.4783935547 169.4679565430 184.6360015869
223.5421905518 159.4498748779 160.5199890137
225.9338073730 161.3571929932 163.5111999512
219.1931915283 162.0945892334 175.4779968262
216.4940032959 166.8822021484 187.7600097656
207.8597869873 176.7757110596 193.1518096924
213.6672210693 174.9653472900 191.4700012207
210.7808685303 165.5129699707 186.7200012207
210.0639495850 170.4799957275 189.8038024902
216.2064666748 177.8912353516 210.8399963379
220.6479187012 155.5576171875 169.0370025635
213.8446655273 163.2623443604 172.4799957275
209.2346649170 166.7123565674 183.4100036621
210.2140045166 162.7622070312 174.0700073242
220.1238098145 169.5372009277 193.8412017822
210.6608734131 175.0829772949 207.8199920654
216.4907073975 165.9166564941 174.7660064697
225.1888275146 158.0040283203 163.1600036621
216.9197540283 159.3899993896 178.0800018311
209.6451416016 166.8300018311 182.2129974365
213.2583923340 173.3379669189 190.7160034180
210.8736267090 175.8369750977 202.0195922852
215.5625915527 158.2799987793 164.8280029297
215.7272338867 165.9153594971 177.9199981689
215.0546569824 165.2323455811 182.3300018311
229.0567169189 161.9197387695 166.1600036621
225.1888275146 158.0040283203 163.1600036621
227.5346679688 159.8823547363 165.8800048828
218.4789581299 156.9781799316 167.6669921875
216.5752868652 157.9069213867 181.5440063477
217.3079223633 157.6676177979 169.6969909668
222.2655792236 168.5159149170 192.7790069580
213.4682769775 163.6833801270 172.6660003662
215.3172302246 174.2253570557 208.5800018311
222.8583831787 161.5179595947 160.6559906006
208.8986053467 177.2956237793 196.4776000977
218.6036224365 182.3569793701 208.5695953369
214.5543060303 174.3840637207 190.8824005127
215.9516906738 173.3073730469 209.4199981689
217.3079223633 157.6676177979 169.6969909668
215.3816833496 174.9273681641 195.8999938965
221.8967132568 161.8697357178 165.1399993896
216.1788177490 159.8040313721 182.7899932861
217.8692169189 159.7475891113 170.7481994629
217.4189453125 173.7258300781 207.6419982910
213.1536254883 172.1569824219 189.3695983887
214.0140686035 179.3928527832 210.7599945068
215.1388244629 172.4740295410 210.2599945068
217.7321319580 176.5669403076 203.5131988525
214.7682800293 161.2333831787 177.0260009766
225.9338073730 161.3571929932 163.5111999512
218.2533111572 168.8926849365 187.5480041504
218.5731811523 169.7345886230 187.7079925537
218.0216827393 160.8573760986 174.0899963379
216.5152893066 167.2069244385 192.7940063477
211.8636169434 162.4069824219 179.0795898438
213.6097564697 168.7400054932 187.4800109863
222.5099945068 170.9152374268 190.4774017334
214.1186065674 161.1256256104 169.9076080322
213.0439605713 177.2200012207 191.2138061523
219.9202880859 166.3398284912 192.1949920654
216.7627868652 160.3990020752 172.6661987305
223.4432830811 158.2380981445 163.2940063477
221.3521423340 178.8569335938 210.6331939697
212.2027282715 179.5301055908 193.7289886475
229.2688293457 159.5540313721 166.4400024414
221.1952819824 168.3669281006 193.1040039062
212.7739562988 168.2400054932 180.4438018799
212.9788208008 161.7440338135 175.9599914551
211.9955749512 171.3459167480 198.3889923096
218.7567138672 173.8197326660 191.2799987793
207.8497619629 176.4299926758 194.5900115967
212.7689666748 178.6392669678 191.6989898682
213.8155822754 168.7459106445 193.8190002441
211.8536224365 175.8469848633 199.9695892334
219.3067169189 156.8397369385 168.0000000000
221.9452819824 153.6469268799 166.3240051270
213.0419158936 159.2089843750 181.5080108643
220.7321319580 178.5169372559 208.5331878662
220.0438079834 179.6271972656 212.9011993408
213.8936309814 169.4369812012 183.7796020508
213.6036529541 177.6178283691 204.0339965820
214.2099914551 164.6608581543 186.4199981689
218.2208709717 159.8229675293 166.8799896240
210.0639495850 170.4799957275 189.8038024902
217.1882629395 178.8972930908 211.4510040283
219.4221343994 166.6269378662 183.5431976318
215.2592163086 173.7875823975 197.5981903076
212.3233947754 168.7098693848 183.5126037598
218.3382720947 176.9533843994 207.6259918213
210.9686126709 174.6956176758 208.4076080322
208.8067169189 177.7197265625 196.2700042725
216.2564697266 171.9712371826 202.8500061035
211.0086059570 158.6956176758 169.4676055908
211.6427307129 168.4801025391 175.4789886475
211.9582824707 171.1833801270 198.8860015869
219.3121948242 157.0898742676 162.3300018311
216.5838012695 160.0271911621 182.4512023926
208.1427764893 170.8890075684 205.4861907959
218.7721405029 177.0169372559 204.5231933594
215.3483886719 175.3479614258 192.8860015869
220.6632995605 162.0226898193 165.9980010986
214.2574310303 169.8498535156 184.1900024414
210.1167602539 174.2720184326 196.8545989990
215.3266754150 167.8099975586 181.7519989014
216.2999877930 159.0552368164 177.2473907471
218.4282836914 153.2633819580 162.8959960938
212.2313995361 167.4299926758 180.9687957764
211.7633972168 170.6898651123 194.2026062012
228.8399963379 157.2608489990 164.4199981689
213.1536254883 172.1569824219 189.3695983887
215.4174194336 167.0398559570 181.7700042725
224.6197509766 161.3200073242 158.0800018311
213.8446655273 163.2623443604 172.4799957275
213.3889312744 164.1658325195 176.8919982910
218.3040008545 171.3222045898 190.1600036621
208.3582763672 169.0333862305 202.5559997559
212.5272216797 168.0453491211 173.7200012207
211.7633972168 170.6898651123 194.2026062012
218.5316925049 169.0473632812 189.4700012207
211.0867614746 162.6820068359 178.6946105957
211.6697845459 177.1557006836 205.6918029785
207.0086059570 171.5456237793 205.2776031494
213.8155822754 168.7459106445 193.8190002441
216.9365844727 171.7116851807 187.0157928467
221.9316864014 171.8073730469 192.3899993896
226.8434753418 161.5230560303 166.3959960938
209.5974273682 168.5198669434 182.8500061035
226.8434753418 161.5230560303 166.3959960938
217.5052947998 163.9769287109 184.3139953613
218.7392120361 164.4775848389 176.4781951904
219.0816955566 158.9573669434 180.9700012207
210.8736267090 175.8369750977 202.0195922852
225.9039916992 156.7022094727 160.4400024414
217.7443084717 178.5040740967 203.1623992920
213.7072296143 159.6053466797 177.7200012207
219.3738250732 163.0784759521 176.7413940430
211.6655731201 169.0059051514 192.4889984131
215.4043121338 174.3140716553 199.7823944092
212.3597564697 158.9299926758 177.4400024414
217.0198059082 157.6867523193 179.1300048828
210.5146636963 173.5223541260 196.0200042725
218.9016876221 159.1473693848 179.1999969482
220.3616943359 178.7873687744 211.7700042725
216.5452880859 158.8269348145 169.4540100098
216.8238067627 167.2572021484 187.6511993408
215.5916595459 166.3193511963 179.9703979492
213.4564666748 170.8412475586 199.9900054932
218.3040008545 171.3222045898 190.1600036621
216.2088165283 164.3340301514 184.3199920654
213.3746643066 157.6423492432 171.0299987793
214.2016601562 167.7293548584 174.4804077148
219.4152832031 177.1669311523 209.8939971924
218.3582611084 180.8872985840 211.9710083008
211.8320617676 171.2280426025 196.4920043945
213.3586120605 160.7656250000 168.7075958252
216.7627868652 160.3990020752 172.6661987305
212.1913909912 160.6900024414 177.7187957764
214.8967132568 159.6797332764 171.3099975586
218.1664733887 163.2112426758 184.1100006104
209.9946594238 165.4523468018 175.9299926758
212.9208679199 160.4329681396 168.4799957275
220.3616943359 178.7873687744 211.7700042725
220.2755737305 163.6759033203 183.0189971924
219.1366729736 161.7200012207 162.7220001221
217.8492584229 164.0091857910 164.8242034912
209.8886260986 166.2217712402 173.7859954834
224.8013916016 160.9299926758 158.1488037109
217.8492584229 164.0091857910 164.8242034912
210.9686126709 174.6956176758 208.4076080322
212.0402832031 170.0998382568 205.1750030518
216.8416595459 166.0593566895 180.8504028320
218.1488189697 174.5940246582 206.2399902344
217.9234008789 164.3598632812 166.7926025391
211.6667175293 175.0097351074 200.0099945068
209.6451416016 166.8300018311 182.2129974365
209.3247833252 176.1453247070 192.0010070801
210.5859680176 172.9288024902 207.0468139648
210.8508605957 167.7129669189 175.6799926758
212.9221954346 168.8998718262 189.4199981689
211.3925781250 163.7700042725 172.6080017090
220.6402893066 153.6598358154 168.2250061035
223.1399993896 155.2608489990 166.1500091553
215.6643066406 171.5340728760 188.4624023438
211.5320587158 169.4980468750 190.5120086670
224.5059661865 157.7088012695 161.4768066406
211.7238006592 170.7971954346 206.2812042236
213.4647827148 166.5853271484 181.2109985352
216.0555725098 156.6559143066 179.5489959717
221.9452819824 153.6469268799 166.3240051270
215.2116851807 172.5773773193 203.3099975586
218.9316864014 158.4973754883 166.6699981689
207.0086059570 171.5456237793 205.2776031494
218.8716888428 177.4773712158 204.1800079346
219.3013916016 170.1100006104 189.9288024902
227.3897857666 157.5157012939 160.1018066406
216.0021972656 161.0598754883 176.7399902344
220.7321319580 178.5169372559 208.5331878662
211.2759552002 159.4788055420 179.9868011475
209.8886260986 166.2217712402 173.7859954834
219.3031921387 168.2745819092 185.7279968262
213.4282531738 158.0372924805 171.8209991455
214.0849914551 170.0069274902 182.7453918457
215.0397491455 165.4100036621 182.3600006104
210.3762969971 165.0787048340 183.0249938965
223.0602874756 154.4098358154 166.6349945068
213.2189483643 171.3081817627 203.9570007324
217.6538085938 176.6871948242 207.8211975098
216.5037994385 163.4971923828 183.2411956787
218.3040008545 171.3222045898 190.1600036621
211.5982666016 174.1172943115 209.3610076904
217.0316619873 182.2593536377 210.1004028320
214.8967132568 159.6797332764 171.3099975586
213.0882720947 171.0133819580 201.4059906006
224.9408721924 160.5529785156 164.0199890137
216.9979095459 172.7676086426 208.2469940186
216.5647888184 173.1053161621 199.1210021973
217.5974273682 173.5898590088 190.4400024414
215.3367156982 166.5297393799 179.3199920654
213.0063018799 156.3087005615 165.7050018311
213.7816619873 169.5193481445 183.6903991699
223.2621307373 154.9969329834 164.9631958008
213.1472320557 170.9953613281 202.2600097656
227.7067108154 162.3997344971 165.0899963379
211.6640014648 176.9721984863 191.5599975586
223.4546661377 158.3323516846 162.6000061035
219.5497589111 182.0099945068 206.6800079346
227.3897857666 157.5157012939 160.1018066406
216.2088165283 164.3340301514 184.3199920654
217.7207183838 166.5066528320 181.2860107422
217.1316680908 163.7893524170 168.7804107666
215.4972229004 173.0653533936 192.9199981689
209.2346649170 166.7123565674 183.4100036621
212.3162994385 164.4887084961 172.4949951172
210.5897827148 160.2057037354 179.4618072510
229.2688293457 159.5540313721 166.4400024414
214.2146606445 176.7623443604 208.5699920654
219.1316680908 173.7693481445 193.3303985596
218.1740722656 161.6128540039 169.3699951172
212.6191253662 164.2658691406 181.2740020752
222.2655792236 168.5159149170 192.7790069580
220.3807067871 163.3966522217 164.9060058594
214.1282806396 171.5433807373 204.5459899902
214.9172210693 173.9953613281 190.7799987793
219.1526489258 162.6968078613 182.9629974365
210.7508697510 174.6129760742 196.8600006104
217.3667144775 173.7597351074 192.2700042725
214.8899993896 178.1452331543 191.5973968506
214.8688201904 171.2540283203 201.4400024414
222.7794036865 159.2825317383 165.6740112305
213.8352813721 170.9569244385 196.1439971924
220.5113983154 159.3800048828 160.2788085938
217.8465881348 165.3616943359 177.5757904053
212.2059631348 161.5787963867 181.1968078613
214.6689758301 160.4492645264 177.8489990234
218.7151489258 155.5700073242 161.4029998779
216.2133026123 179.5926818848 211.5679931641
210.5859680176 172.9288024902 207.0468139648
218.6338195801 161.0684661865 170.6513977051
210.1789398193 176.2658233643 197.4420013428
218.2464752197 167.1912384033 186.8200073242
219.5221405029 166.8669281006 185.0831909180
212.7586059570 158.0456237793 170.7675933838
218.7782592773 182.3972930908 210.3610076904
216.5439910889 159.8922119141 173.5299987793
221.8189544678 154.8681793213 167.0070037842
212.3959655762 172.2888031006 205.9067993164
210.3939514160 172.8200073242 195.7037963867
211.8536224365 175.8469848633 199.9695892334
216.6908721924 155.5329742432 164.5399932861
208.9186096191 177.9656219482 195.1876068115
224.5059661865 157.7088012695 161.4768066406
216.2633056641 173.6726837158 203.5780029297
212.3139953613 161.6122131348 174.5599975586
213.5086059570 164.7856140137 180.8775939941
224.7420654297 158.6180419922 160.1820068359
210.1789398193 176.2658233643 197.4420013428
213.4046630859 160.9823455811 175.9100036621
213.5220642090 167.2380523682 190.7520141602
227.6040649414 159.1728515625 165.1299896240
220.8436431885 162.0178222656 161.3839874268
214.6689758301 160.4492645264 177.8489990234
215.9540710449 177.7428436279 209.6899871826
213.1189422607 166.1758270264 187.1119995117
209.9834747314 177.1630554199 197.2460021973
218.4149932861 163.4169158936 171.9753875732
218.0208740234 155.8929748535 168.5599975586
210.6608734131 175.0829772949 207.8199920654
214.1282806396 171.5433807373 204.5459899902
215.5967712402 176.2120056152 199.5046081543
213.4682769775 163.6833801270 172.6660003662
217.6872253418 181.0753479004 205.4199981689
214.3886108398 167.4356231689 187.1976013184
211.7340698242 166.4328460693 177.0499877930
213.2879180908 166.5776214600 175.3369903564
213.1347808838 176.5253143311 204.5410003662
217.6464691162 173.9312438965 203.3899993896
217.0197601318 155.1900024414 162.3000030518
221.4138031006 160.7971954346 166.4911956787
215.4033966064 171.4898681641 186.9726104736
216.8540039062 162.1422119141 178.8800048828
213.8666839600 176.2400054932 202.9420013428
216.4916534424 165.5093536377 172.9204101562
212.3546600342 162.3023529053 181.9900054932
213.2627258301 178.3200988770 195.4589996338
218.5021362305 163.5769348145 179.9431915283
211.8713989258 177.0899963379 191.5688018799
212.5546569824 176.8723449707 207.9299926758
221.9316864014 171.8073730469 192.3899993896
218.8721313477 162.7969360352 173.3531951904
212.9163055420 172.3287048340 204.6349945068
208.3963012695 171.4987030029 201.3650054932
214.5538024902 166.0171966553 175.8412017822
210.5859680176 172.9288024902 207.0468139648
220.4043121338 170.2540740967 190.2124023438
207.6651458740 173.2500000000 200.5530090332
215.1233062744 174.7726898193 195.7980041504
218.0040740967 173.7228546143 206.3399963379
209.9838104248 172.5971984863 205.2211914062
220.7752838135 153.3169250488 167.0440063477
215.9816589355 172.5193481445 191.8904113770
211.0467071533 168.5197296143 185.3699951172
219.9202880859 166.3398284912 192.1949920654
216.6682586670 173.0072937012 193.2210083008
221.1240692139 172.2828521729 193.7899932861
215.0238037109 163.1671905518 183.0111999512
216.1740722656 172.5528564453 210.1100006104
213.3799896240 161.9408569336 175.9400024414
216.2564697266 171.9712371826 202.8500061035
220.0438079834 179.6271972656 212.9011993408
213.8397521973 162.2899932861 177.2799987793
214.5538024902 166.0171966553 175.8412017822
221.4842987061 171.2040710449 190.3824005127
222.0607299805 161.4400024414 160.8825988770
213.0806884766 179.5610351562 206.9701995850
213.6446685791 160.0923461914 169.1300048828
217.9559631348 156.8988037109 164.6768035889
215.5452880859 176.4369201660 209.1540069580
220.3527374268 173.2501068115 192.9089965820
223.4240722656 158.1528472900 166.3399963379
214.3572235107 175.4753570557 198.9400024414
213.4813995361 170.4400024414 188.0088043213
216.1740722656 172.5528564453 210.1100006104
215.5039978027 171.1122131348 208.1500091553
216.9672241211 166.6553497314 181.2100067139
215.1440734863 173.7828521729 210.8199920654
216.5647888184 173.1053161621 199.1210021973
216.6789550781 172.3681793213 208.7870025635
215.0316619873 172.5293579102 190.7304077148
217.8465881348 165.3616943359 177.5757904053
213.2189483643 171.3081817627 203.9570007324
218.9318695068 157.8675231934 166.7319946289
211.2308654785 172.3729705811 195.5899963379
212.6191253662 164.2658691406 181.2740020752
216.0942993164 160.1040649414 177.7624053955
215.3152923584 177.5669250488 210.1439971924
215.5516815186 173.0773773193 191.6199951172
211.8862915039 165.0587005615 181.7850036621
217.0486145020 172.2356109619 194.2375946045
211.3925781250 163.7700042725 172.6080017090
214.4297485352 177.8399963379 202.0400085449
213.7136230469 165.9469757080 178.6095886230
217.5184631348 170.7962799072 184.9297943115
217.8492584229 164.0091857910 164.8242034912
212.6839904785 170.8022003174 201.6200103760
216.0021972656 161.0598754883 176.7399902344
221.0989532471 167.5481719971 190.9769897461
228.7482757568 157.0033874512 159.9259948730
218.1507263184 162.4299926758 163.5726013184
212.9159698486 171.5388031006 206.8968048096
216.1316833496 172.1473693848 193.7599945068
213.2146606445 161.0623474121 174.1399993896
217.9707183838 170.2666473389 186.4560089111
207.6474304199 177.4898529053 195.4300079346
216.2243041992 165.3240661621 177.7023925781
217.9716949463 163.7373657227 171.4499969482
213.0439605713 177.2200012207 191.2138061523
213.4463043213 157.7187042236 178.2550048828
218.1521301270 163.0269317627 172.0131988525
216.2382812500 167.1333770752 187.7059936523
210.6608734131 175.0829772949 207.8199920654
212.5546569824 176.8723449707 207.9299926758
211.8917694092 175.6168060303 205.0410003662
217.3349914551 166.5769195557 177.2453918457
215.8319244385 166.3789825439 191.4580078125
214.0140686035 179.3928527832 210.7599945068
217.4743041992 165.0640716553 178.5823974609
224.0314025879 160.9799957275 159.4288024902
215.8052825928 157.2669219971 180.4840087891
214.1652832031 171.2269287109 203.6739959717
213.2583923340 173.3379669189 190.7160034180
214.5267028809 174.6097412109 192.1799926758
211.0016632080 179.4993591309 194.2804107666
211.4107360840 170.8500061035 189.8626098633
223.8104705811 161.7869415283 164.6373901367
216.6908721924 155.5329742432 164.5399932861
211.7238006592 170.7971954346 206.2812042236
219.1604766846 164.6469421387 183.7973937988
218.3943023682 168.1140747070 182.1824035645
220.1789703369 168.8792572021 189.7589874268
216.5838012695 160.0271911621 182.4512023926
218.1740722656 161.6128540039 169.3699951172
212.3197479248 174.2899932861 191.1900024414
226.1322021484 158.0198669434 159.0899963379
219.2082824707 177.8733825684 207.1060028076
224.0249938965 162.4169158936 164.4753875732
218.1499938965 157.9108581543 181.5100097656
218.4979095459 171.0776214600 194.6969909668
221.7089538574 180.0381774902 210.3470001221
215.2263031006 157.1087036133 165.6349945068
215.3927764893 166.6390075684 175.2661895752
211.6655731201 169.0059051514 192.4889984131
211.1597595215 178.1799926758 191.0000000000
214.0120544434 161.2680511475 171.8420104980
218.2251434326 167.8999938965 189.3529968262
209.5074310303 165.0298614502 174.3500061035
226.1846618652 160.3623504639 164.8099975586
219.1526489258 162.6968078613 182.9629974365
215.3172302246 174.2253570557 208.5800018311
218.0840759277 161.0128479004 181.5899963379
222.1421356201 180.2469329834 209.0231933594
218.4672241211 163.9953613281 172.4700012207
215.8072357178 169.4653472900 183.6300048828
217.8532867432 159.4281005859 165.3040008545
213.9667053223 176.0897369385 200.3399963379
217.0486145020 172.2356109619 194.2375946045
216.1316833496 172.1473693848 193.7599945068
218.3943023682 168.1140747070 182.1824035645
211.8786163330 168.2917785645 184.5159912109
217.7483825684 170.9279632568 186.6159973145
211.9582824707 171.1833801270 198.8860015869
213.6097564697 168.7400054932 187.4800109863
214.5274200439 177.4798583984 201.2700042725
220.5199890137 166.0752258301 180.7173919678
211.2020568848 171.2680511475 199.2620086670
214.6716613770 164.8793487549 181.6504058838
213.4282531738 158.0372924805 171.8209991455
217.0783843994 168.6879577637 182.1159973145
224.5240020752 157.8722076416 161.7600097656
216.2582702637 160.1333770752 173.4960021973
212.7308654785 166.8329772949 187.2099914551
215.0238037109 163.1671905518 183.0111999512
218.7392120361 164.4775848389 176.4781951904
218.3272247314 176.3453521729 204.5599975586
223.1399993896 155.2608489990 166.1500091553
213.1536254883 172.1569824219 189.3695983887
215.5767669678 172.4720153809 185.0546112061
216.4992065430 165.9875946045 173.3481903076
226.2382812500 156.9633789062 160.1159973145
210.8508605957 167.7129669189 175.6799926758
216.6789550781 172.3681793213 208.7870025635
216.1267089844 158.6597290039 170.8600006104
217.8017578125 181.7667999268 206.3510131836
207.5413970947 170.9900054932 201.6488037109
213.5326385498 171.2268066406 198.6829986572
216.3182525635 171.2373046875 194.2910003662
222.8866729736 161.0200042725 159.7919921875
221.2367095947 160.3697357178 166.5299987793
214.1774291992 166.2998657227 178.4799957275
215.7272338867 165.9153594971 177.9199981689
216.2788238525 162.3140258789 182.9499969482
209.8094024658 178.0625305176 196.0140075684
218.9651489258 171.3800048828 190.4730072021
208.8986053467 177.2956237793 196.4776000977
224.8346557617 157.1623535156 161.2799987793
215.3152923584 177.5669250488 210.1439971924
213.4046630859 160.9823455811 175.9100036621
210.8736267090 175.8369750977 202.0195922852
227.6362915039 157.0787048340 160.8650054932
218.4284667969 164.4462890625 175.4897918701
214.5688171387 174.0940246582 196.7399902344
211.6427307129 168.4801025391 175.4789886475
220.4043121338 170.2540740967 190.2124023438
217.8146667480 178.2823486328 212.0500030518
214.9182739258 155.3933868408 166.8959960938
210.3179168701 170.4376220703 205.9369964600
216.1788177490 159.8040313721 182.7899932861
221.7089538574 180.0381774902 210.3470001221
214.8899993896 178.1452331543 191.5973968506
210.4246673584 173.9923553467 206.9799957275
207.6651458740 173.2500000000 200.5530090332
213.1100006104 163.9508514404 186.1600036621
216.1408691406 180.8629760742 211.2399902344
218.4247894287 161.6153259277 176.7610015869
228.8399963379 157.2608489990 164.4199981689
211.6667175293 175.0097351074 200.0099945068
219.9004669189 162.7769317627 167.3273925781
216.2146606445 166.0723571777 190.8300018311
227.5346679688 159.8823547363 165.8800048828
218.4667053223 168.5597381592 183.6600036621
210.9897613525 174.7400054932 205.5800018311
218.4149932861 163.4169158936 171.9753875732
209.5074310303 165.0298614502 174.3500061035
212.9959564209 157.7987976074 179.5768127441
216.8297576904 173.4900054932 203.8200073242
213.6097564697 168.7400054932 187.4800109863
217.4226379395 159.8267974854 171.9029998779
212.7467041016 176.0497283936 203.9799957275
220.0438079834 179.6271972656 212.9011993408
221.3521423340 178.8569335938 210.6331939697
220.2755737305 163.6759033203 183.0189971924
216.2999877930 159.0552368164 177.2473907471
211.9798126221 163.7267456055 183.7799987793
217.6040039062 157.9922027588 180.4100036621
220.5379180908 180.7276153564 212.3769989014
213.7316589355 176.2193603516 201.3303985596
208.6151428223 170.1000061035 202.2830047607
218.2464752197 167.1912384033 186.8200073242
217.3002929688 155.7698364258 168.8849945068
217.5974273682 173.5898590088 190.4400024414
218.4682617188 155.7173004150 168.6310119629
215.5784606934 180.0562896729 204.0497894287
216.8297882080 161.7957153320 182.1018066406
215.3867034912 179.1297302246 203.7200012207
211.1736297607 175.8569793701 206.1396026611
212.5389404297 176.9758300781 197.7220001221
221.2089691162 182.8792572021 207.5189971924
225.3997497559 157.9100036621 159.8800048828
217.1533966064 163.2898712158 183.2526092529
206.6259613037 169.7788085938 203.9168090820
215.9516906738 173.3073730469 209.4199981689
214.0886077881 169.5056152344 193.2476043701
218.6739501953 165.1499938965 180.3338012695
220.1618652344 167.2375183105 190.9819946289
211.8417663574 159.4667968750 168.4710083008
207.2136230469 172.7069854736 203.0095977783
214.2039947510 171.1222076416 200.0400085449
217.0486145020 172.2356109619 194.2375946045
222.2727813721 170.3090057373 193.5462036133
208.1427764893 170.8890075684 205.4861907959
216.9979095459 172.7676086426 208.2469940186
214.7808685303 163.7329711914 183.2299957275
212.3582763672 156.1833801270 166.7460021973
215.5079193115 173.0576171875 210.8170013428
210.2972259521 175.5453491211 200.5200042725
210.6651458740 169.8099975586 201.5230102539
219.0531921387 164.5145874023 180.5579986572
207.2136230469 172.7069854736 203.0095977783
225.1239929199 160.1122131348 158.6399993896
211.3657684326 172.9959106445 205.8529968262
214.5267028809 174.6097412109 192.1799926758
211.6667175293 175.0097351074 200.0099945068
212.2666778564 170.4700012207 188.6920013428
212.3759613037 156.2788085938 169.4067993164
217.0198059082 157.6867523193 179.1300048828
209.6734771729 165.0030517578 176.1660003662
216.3038024902 176.0271911621 207.6712036133
211.3157653809 156.8459014893 169.2830047607
221.5316925049 181.7673645020 207.8000030518
224.9408721924 160.5529785156 164.0199890137
219.5497589111 182.0099945068 206.6800079346
214.2039947510 171.1222076416 200.0400085449
215.0546569824 165.2323455811 182.3300018311
209.1682586670 167.3273010254 185.4609985352
211.1982727051 163.7633819580 172.8260040283
215.6002807617 155.9798278809 171.4149932861
218.5546569824 159.7723541260 162.5899963379
211.9955749512 171.3459167480 198.3889923096
223.5421905518 159.4498748779 160.5199890137
215.3792572021 163.0091857910 170.2342071533
216.4198150635 156.2267456055 165.7799987793
213.5389709473 167.2192687988 172.0889892578
222.2633972168 161.1198577881 165.2425994873
218.9562988281 166.1486968994 190.1649932861
218.1540679932 175.9028472900 206.7999877930
217.0783843994 168.6879577637 182.1159973145
221.1240692139 172.2828521729 193.7899932861
210.1789398193 176.2658233643 197.4420013428
223.4240722656 158.1528472900 166.3399963379
210.8532867432 175.1681060791 200.4940032959
218.8952941895 167.7969207764 193.4340057373
216.5452880859 158.8269348145 169.4540100098
215.6040649414 169.0028533936 193.8300018311
216.4992065430 165.9875946045 173.3481903076
216.8007202148 163.9666442871 169.9459991455
216.8297882080 161.7957153320 182.1018066406
209.9067077637 176.1597290039 201.9199981689
213.7059631348 167.7388000488 191.8868103027
209.8886260986 166.2217712402 173.7859954834
212.2289428711 164.8158264160 176.6419982910
218.6739501953 165.1499938965 180.3338012695
217.8492584229 164.0091857910 164.8242034912
217.7207183838 166.5066528320 181.2860107422
210.2259674072 171.9288024902 200.2468109131
214.0259552002 162.2088012695 172.4668121338
214.3797607422 165.2400054932 177.6399993896
210.6686096191 174.6756134033 204.2875976562
212.2957611084 160.1759033203 180.9629974365
210.5246582031 173.5123443604 194.3300018311
225.1888275146 158.0040283203 163.1600036621
217.8465881348 165.3616943359 177.5757904053
216.3363037109 155.5787048340 166.8549957275
207.5946655273 174.7023468018 194.5399932861
215.0821380615 176.6969299316 193.3831939697
221.1143035889 181.7340698242 207.6623992920
213.4391326904 176.6858673096 205.8540039062
218.5417633057 181.9268035889 209.9410095215
211.2308654785 172.3729705811 195.5899963379
213.3974304199 164.6098632812 177.0099945068
209.2346649170 166.7123565674 183.4100036621
218.9562988281 166.1486968994 190.1649932861
218.4532775879 160.8881072998 178.6540069580
210.9816589355 178.8293609619 195.5704040527
216.2382812500 167.1333770752 187.7059936523
217.2407073975 171.7266540527 188.4360046387
213.8936309814 169.4369812012 183.7796020508
219.4802856445 153.4598388672 166.3549957275
212.7936248779 164.5069732666 180.2895965576
216.7627868652 160.3990020752 172.6661987305
218.9038085938 169.9171905518 194.3412017822
224.5240020752 157.8722076416 161.7600097656
219.6763000488 153.4687042236 166.1950073242
218.2940673828 163.5528564453 174.7099914551
216.1740722656 172.5528564453 210.1100006104
214.2039947510 171.1222076416 200.0400085449
214.1082763672 155.5333862305 168.0459899902
226.4208679199 161.4529724121 165.6499938965
214.1282806396 171.5433807373 204.5459899902
212.6382598877 161.7572937012 182.1809997559
224.0249938965 162.4169158936 164.4753875732
211.2308654785 172.3729705811 195.5899963379
212.9727325439 168.1101074219 174.1189880371
211.1597595215 178.1799926758 191.0000000000
219.4221343994 166.6269378662 183.5431976318
221.3282775879 157.4233856201 161.1860046387
214.6199951172 169.1652374268 180.8273925781
216.0555725098 156.6559143066 179.5489959717
212.3162994385 164.4887084961 172.4949951172
217.4189453125 173.7258300781 207.6419982910
215.1852874756 155.7469329834 170.3139953613
211.2557678223 172.5359039307 208.1430053711
213.8493957520 168.6825408936 185.9440002441
213.7674255371 174.6098632812 209.1399993896
209.3982543945 174.1172943115 204.2310028076
221.5316925049 181.7673645020 207.8000030518
214.8387451172 160.3159942627 171.0686035156
218.6338195801 161.0684661865 170.6513977051
215.0936279297 170.8069763184 188.1595916748
219.4499969482 163.7452392578 180.5673980713
213.2627258301 178.3200988770 195.4589996338
216.2088165283 164.3340301514 184.3199920654
215.3640747070 176.0628509521 207.7899932861
218.2947845459 161.1653289795 180.9510040283
211.8636169434 162.4069824219 179.0795898438
218.4783935547 169.4679565430 184.6360015869
218.0640716553 177.9528503418 205.5800018311
222.8040771484 159.1228485107 164.1999969482
217.0772247314 171.5153503418 189.8099975586
214.2146606445 176.7623443604 208.5699920654
216.0942993164 160.1040649414 177.7624053955
209.7867584229 171.9320068359 190.9546051025
213.1859588623 156.1388092041 168.2568054199
220.5389556885 178.0481719971 209.8269958496
218.5731811523 169.7345886230 187.7079925537
218.1052856445 165.2769317627 184.9040069580
218.7392120361 164.4775848389 176.4781951904
215.9899902344 158.6508483887 182.4600067139
213.9714050293 169.1000061035 187.4087982178
214.8552856445 171.3669281006 195.0440063477
211.3482818604 164.1133880615 182.6060028076
213.0798034668 164.4367523193 184.0399932861
210.2482757568 174.7833862305 193.7559967041
214.5131835938 171.9245910645 198.8979949951
220.1618652344 167.2375183105 190.9819946289
219.3121948242 157.0898742676 162.3300018311
213.8982849121 170.9233856201 206.7160034180
219.4838104248 172.0571899414 194.6911926270
208.1597595215 175.4499969482 193.1399993896
216.2074279785 173.5298614502 191.4300079346
213.2627258301 178.3200988770 195.4589996338
211.5597534180 172.0299987793 193.3500061035
218.5588226318 165.4540252686 186.4299926758
220.0840759277 182.7628479004 210.6899871826
215.4746551514 160.3523559570 174.3699951172
216.4907073975 165.9166564941 174.7660064697
222.6236419678 162.3978271484 160.8839874268
218.7889404297 168.0458221436 193.3619995117
211.4107360840 170.8500061035 189.8626098633
218.9174194336 161.5798645020 162.0299987793
212.6189727783 170.7892608643 201.9290008545
217.2116546631 163.5393524170 166.0304107666
222.1340026855 157.6822052002 162.2400054932
218.0808715820 157.8929748535 165.8399963379
211.7340698242 166.4328460693 177.0499877930
212.8063049316 171.8686981201 206.9250030518
217.8621368408 160.1769409180 168.0932006836
218.2888183594 162.2440338135 174.1499938965
212.3582763672 156.1833801270 166.7460021973
213.4434661865 161.0630493164 182.9360046387
219.3013916016 170.1100006104 189.9288024902
216.8643035889 160.7440643311 178.8224029541
209.0240783691 176.6628417969 197.1100006104
217.7483825684 170.9279632568 186.6159973145
212.1620635986 169.0503997803 190.6970062256
210.3939514160 172.8200073242 195.7037963867
213.0352935791 171.3969268799 201.1540069580
216.0555725098 156.6559143066 179.5489959717
214.6362915039 155.7886962891 169.3849945068
207.8597869873 176.7757110596 193.1518096924
212.7494049072 167.9725341797 185.6840057373
211.6582641602 158.4272918701 170.5010070801
214.7033996582 160.5498657227 172.2826080322
218.1733093262 164.9126892090 184.8379974365
211.6634674072 167.0730590820 186.8959960938
219.9727783203 161.9689941406 168.4061889648
214.6136169434 165.1369781494 171.5596008301
212.2313995361 167.4299926758 180.9687957764
227.2283935547 160.4679565430 158.7259979248
213.3889312744 164.1658325195 176.8919982910
214.9486083984 180.7256164551 211.0075988770
214.3549957275 178.9869232178 193.5153961182
213.3889312744 164.1658325195 176.8919982910
213.0439605713 177.2200012207 191.2138061523
218.9336242676 161.5069732666 162.3896026611
220.1238098145 169.5372009277 193.8412017822
220.6632995605 162.0226898193 165.9980010986
219.4916839600 167.0273742676 183.1000061035
210.9207000732 171.3610382080 193.2002105713
223.5421905518 159.4498748779 160.5199890137
211.7946624756 158.1823425293 178.8399963379
221.8967132568 161.8697357178 165.1399993896
223.5972290039 158.5953521729 164.1000061035
214.4739990234 160.5222015381 175.0700073242
214.8688201904 171.2540283203 201.4400024414
209.7097625732 163.9700012207 173.5100097656
219.1604766846 164.6469421387 183.7973937988
212.9959564209 157.7987976074 179.5768127441
213.7797546387 161.8099975586 172.7400054932
208.3963012695 171.4987030029 201.3650054932
215.4667053223 172.3597412109 192.4599914551
221.0989532471 167.5481719971 190.9769897461
210.1446685791 172.9723510742 199.7299957275
215.1927337646 174.5901031494 209.5989990234
213.8446655273 163.2623443604 172.4799957275
216.0021972656 161.0598754883 176.7399902344
214.2074279785 165.0698547363 171.9199981689
218.1664733887 163.2112426758 184.1100006104
219.9655761719 160.1759033203 167.6389923096
215.6840667725 171.3028564453 193.2999877930
216.8297576904 173.4900054932 203.8200073242
219.4802856445 153.4598388672 166.3549957275
215.1233062744 174.7726898193 195.7980041504
216.8297576904 173.4900054932 203.8200073242
219.3602905273 176.8398284912 211.0449981689
218.5892181396 174.4275817871 199.8881988525
218.2888183594 162.2440338135 174.1499938965
218.9316864014 158.4973754883 166.6699981689
209.6451416016 166.8300018311 182.2129974365
209.6133880615 170.9498596191 192.8726043701
215.1927337646 174.5901031494 209.5989990234
220.1836242676 161.0969848633 161.6396026611
211.5039978027 171.3122100830 200.0500030518
227.3152923584 157.1769256592 162.3840026855
211.5874176025 175.8198547363 203.1399993896
214.4097595215 164.0099945068 171.0800018311
218.1240692139 158.9728546143 168.0699920654
207.2846679688 175.6823425293 195.9900054932
212.3182830811 172.1833801270 205.6860046387
213.0516662598 176.2293548584 207.5004119873
216.7320556641 172.3403930664 200.3670043945
216.5037994385 163.4971923828 183.2411956787
216.2136535645 166.2078247070 180.1940002441
217.3082580566 155.5173034668 166.7610015869
213.8767089844 164.3397369385 182.2700042725
216.8416595459 166.0593566895 180.8504028320
208.6339569092 177.8000030518 191.2338104248
217.5067138672 170.5797271729 190.0299987793
214.2839965820 160.6022033691 173.3000030518
218.5327301025 174.3800964355 192.4089965820
227.7708740234 160.9729766846 166.7200012207
215.8052825928 157.2669219971 180.4840087891
213.8967590332 170.8120117188 186.0046081543
216.2664642334 160.8412475586 172.5700073242
218.2251434326 167.8999938965 189.3529968262
218.8721313477 162.7969360352 173.3531951904
216.1408691406 180.8629760742 211.2399902344
212.1694030762 178.7725372314 196.2940063477
219.1472320557 173.2053527832 189.8800048828
219.0699920654 174.2152252197 200.3674011230
217.6216888428 159.5173645020 168.5899963379
227.6139984131 160.4022064209 159.1300048828
212.8639984131 157.7221984863 178.0000000000
215.6197509766 165.9799957275 180.9300079346
213.7659606934 158.4387969971 180.6368103027
215.0636444092 169.1878204346 182.8439941406
218.5640716553 166.7628479004 186.9899902344
213.6239929199 176.4122009277 207.0899963379
216.8238067627 167.2572021484 187.6511993408
210.4799957275 178.7252349854 191.6174011230
214.9267120361 174.8397369385 209.9799957275
222.8866729736 161.0200042725 159.7919921875
219.9004669189 162.7769317627 167.3273925781
216.7616882324 177.2673645020 208.2899932861
210.5634765625 166.3630523682 186.6360015869
217.9716949463 167.8473663330 188.3200073242
213.8666839600 176.2400054932 202.9420013428
209.8682556152 172.1573028564 205.5810089111
218.4217681885 157.1068115234 162.6210021973
218.6566772461 158.6600036621 161.6020050049
224.6197509766 161.3200073242 158.0800018311
213.4074249268 169.7998657227 188.3200073242
221.0892181396 163.5575866699 165.2581939697
212.0479125977 171.9976196289 205.9869995117
218.5349884033 175.0569152832 202.2854003906
210.4559631348 172.8988037109 195.2667999268
211.7238006592 170.7971954346 206.2812042236
217.7483825684 170.9279632568 186.6159973145
212.8407135010 176.5766448975 202.1060028076
219.3013916016 170.1100006104 189.9288024902
218.2794036865 182.2625427246 207.8339996338
214.6716613770 164.8793487549 181.6504058838
218.4979095459 171.0776214600 194.6969909668
220.3192138672 162.4875946045 181.7182006836
219.9202880859 166.3398284912 192.1949920654
220.0352935791 177.5069274902 211.9940032959
218.1364746094 161.0112457275 176.5700073242
214.3797607422 165.2400054932 177.6399993896
211.0867614746 162.6820068359 178.6946105957
228.8547821045 156.8853149414 158.9510040283
217.8446655273 156.8023529053 165.0000000000
210.8136291504 174.8569793701 199.3395996094
220.1836242676 161.0969848633 161.6396026611
217.2116546631 163.5393524170 166.0304107666
213.0516662598 176.2293548584 207.5004119873
218.1240692139 158.9728546143 168.0699920654
215.5784606934 180.0562896729 204.0497894287
211.1092681885 172.4291992188 191.1142120361
221.3521423340 178.8569335938 210.6331939697
216.9983825684 165.1179656982 172.9459991455
213.7062988281 165.4687042236 183.2149963379
216.4198150635 156.2267456055 165.7799987793
212.2840728760 165.4028472900 187.0000000000
227.6139984131 160.4022064209 159.1300048828
221.1038208008 162.0684661865 165.2413940430
215.1443023682 174.2040710449 192.3224029541
219.5497589111 182.0099945068 206.6800079346
211.8957672119 158.3859100342 179.4730072021
216.3363037109 155.5787048340 166.8549957275
216.0555725098 156.6559143066 179.5489959717
211.9579162598 166.9476165771 176.6969909668
218.3272247314 176.3453521729 204.5599975586
211.1597595215 178.1799926758 191.0000000000
214.4746551514 164.6623535156 183.7599945068
221.1143035889 181.7340698242 207.6623992920
213.5389709473 167.2192687988 172.0889892578
217.7200012207 175.6852264404 198.7373962402
217.2967071533 181.6897277832 206.8199920654
218.6036224365 182.3569793701 208.5695953369
211.2938079834 172.8571929932 205.5211944580
218.6739501953 165.1499938965 180.3338012695
216.4686126709 170.0956115723 193.8876037598
212.9163055420 172.3287048340 204.6349945068
218.8255767822 171.8159027100 202.6690063477
222.6236419678 162.3978271484 160.8839874268
218.1507263184 162.4299926758 163.5726013184
208.6339569092 177.8000030518 191.2338104248
215.2536315918 163.4169769287 167.4196014404
211.9955749512 171.3459167480 198.3889923096
215.5039978027 171.1122131348 208.1500091553
212.9788208008 161.7440338135 175.9599914551
217.7132873535 174.4781036377 203.8339996338
214.7808685303 163.7329711914 183.2299957275
219.5800018311 164.1952362061 176.3773956299
211.7049865723 174.5869293213 198.0053863525
217.9559631348 156.8988037109 164.6768035889
216.0772247314 177.0953521729 200.7100067139
211.8867034912 177.4097290039 196.9700012207
216.1721343994 172.7169342041 193.6831970215
217.6114044189 155.2200012207 161.9888000488
216.6538085938 181.7572021484 210.9812011719
216.2113952637 167.0200042725 181.7288055420
216.8297576904 173.4900054932 203.8200073242
219.1931915283 162.0945892334 175.4779968262
210.9946594238 171.2823486328 194.7500000000
218.7127838135 161.9689941406 173.1261901855
214.3439941406 161.0821990967 177.8399963379
213.0806884766 179.5610351562 206.9701995850
220.3192138672 162.4875946045 181.7182006836
210.2140045166 162.7622070312 174.0700073242
211.8867034912 177.4097290039 196.9700012207
213.8446655273 163.2623443604 172.4799957275
216.6216583252 164.1793518066 167.3303985596
221.0138092041 159.6571960449 167.4311981201
213.8155822754 168.7459106445 193.8190002441
221.4138031006 160.7971954346 166.4911956787
219.3031921387 168.2745819092 185.7279968262
208.6339569092 177.8000030518 191.2338104248
227.9313964844 158.9600067139 159.0187988281
221.4540710449 159.3128509521 167.3699951172
218.4667053223 168.5597381592 183.6600036621
212.7516632080 176.2093505859 203.3804016113
209.7867584229 171.9320068359 190.9546051025
211.6655731201 169.0059051514 192.4889984131
218.0840759277 161.0128479004 181.5899963379
214.2189331055 166.8858337402 187.3719940186
215.4892120361 167.9075927734 181.9781951904
225.8646545410 158.1923522949 164.0099945068
211.2627258301 175.4900970459 203.4189910889
222.6236419678 162.3978271484 160.8839874268
221.2367095947 160.3697357178 166.5299987793
218.1364746094 161.0112457275 176.5700073242
209.5246582031 166.4823455811 185.0899963379
216.2633056641 173.6726837158 203.5780029297
217.6538085938 176.6871948242 207.8211975098
217.9716949463 163.7373657227 171.4499969482
226.1008605957 159.2829742432 164.8499908447
215.0936279297 170.8069763184 188.1595916748
214.2340698242 166.7228546143 187.4899902344
215.3266754150 167.8099975586 181.7519989014
214.3836212158 177.7069854736 201.9496002197
217.2239532471 173.2899932861 199.9838104248
220.5582733154 153.9033813477 162.8059997559
213.9413909912 162.2200012207 172.8188018799
221.9316864014 171.8073730469 192.3899993896
217.1451416016 172.5099945068 189.9730072021
218.4638214111 169.4284667969 186.1813964844
222.1088256836 159.5040283203 165.4199981689
218.9499969482 162.5752258301 170.0573883057
214.4138031006 175.5171966553 197.1112060547
214.3572235107 175.4753570557 198.9400024414
218.6739501953 165.1499938965 180.3338012695
209.1682586670 167.3273010254 185.4609985352
216.5707092285 169.4866485596 183.9360046387
212.7467041016 176.0497283936 203.9799957275
214.3236236572 162.2869873047 167.6396026611
218.2688293457 158.1240234375 181.8099975586
222.1289520264 181.5481719971 208.7369995117
219.9202880859 166.3398284912 192.1949920654
217.8783874512 176.2079620361 201.2059936523
217.0772247314 171.5153503418 189.8099975586
213.0882720947 171.0133819580 201.4059906006
226.5688171387 156.8340301514 161.8399963379
215.7467651367 166.2620086670 176.0946044922
211.3157653809 156.8459014893 169.2830047607
214.7582702637 160.2633819580 173.7259979248
215.9540710449 177.7428436279 209.6899871826
223.2621307373 154.9969329834 164.9631958008
214.4097595215 164.0099945068 171.0800018311
211.4608612061 175.1029663086 204.5399932861
214.8343048096 166.7340698242 172.2124023438
211.0327301025 168.7001037598 184.6489868164
207.6474304199 177.4898529053 195.4300079346
216.5707092285 169.4866485596 183.9360046387
219.4152832031 177.1669311523 209.8939971924
225.3997497559 157.9100036621 159.8800048828
217.1649932861 172.7869262695 186.2053985596
215.6816864014 172.0873718262 200.6000061035
215.4972229004 173.0653533936 192.9199981689
209.6197814941 171.7957153320 197.6217956543
210.5074310303 174.7798614502 199.1699981689
209.9067077637 176.1597290039 201.9199981689
226.4208679199 161.4529724121 165.6499938965
210.2972259521 175.5453491211 200.5200042725
213.6408691406 173.8929748535 210.5399932861
214.0686035156 163.6756134033 182.7875976562
209.2719268799 163.1489868164 174.7380065918
217.2116546631 165.2793579102 174.2604064941
213.2879180908 166.5776214600 175.3369903564
209.4659576416 164.5088043213 174.1868133545
218.5417633057 181.9268035889 209.9410095215
216.7616882324 177.2673645020 208.2899932861
211.7049865723 174.5869293213 198.0053863525
215.1431884766 171.8845825195 196.1279907227
222.7794036865 159.2825317383 165.6740112305
221.6021423340 179.4369354248 208.0131988525
216.5752868652 157.9069213867 181.5440063477
220.0489654541 181.2092590332 205.5390014648
212.7308654785 166.8329772949 187.2099914551
217.9234008789 164.3598632812 166.7926025391
218.2208709717 159.8229675293 166.8799896240
217.6040039062 157.9922027588 180.4100036621
210.1140747070 175.2428436279 197.1399993896
211.8417663574 159.4667968750 168.4710083008
208.8986053467 177.2956237793 196.4776000977
209.6159667969 164.8588104248 183.9668121338
218.1364746094 161.0112457275 176.5700073242
216.5238037109 169.3271942139 193.7012023926
218.9499969482 162.5752258301 170.0573883057
214.8343048096 166.7340698242 172.2124023438
213.7316589355 176.2193603516 201.3303985596
208.9497528076 174.8699951172 200.2400054932
212.0036468506 171.8478240967 189.7839965820
218.2794036865 182.2625427246 207.8339996338
214.0849914551 170.0069274902 182.7453918457
216.2564697266 171.9712371826 202.8500061035
218.1331939697 161.9745788574 169.2179870605
218.8736419678 163.0978240967 163.8139953613
215.5988159180 167.6940307617 193.2700042725
209.8213958740 170.4199981689 202.1988067627
217.5500030518 156.4508514404 168.1600036621
221.3892059326 164.8175811768 181.8681945801
212.9959564209 157.7987976074 179.5768127441
214.3572235107 175.4753570557 198.9400024414
214.3567047119 176.4597320557 196.4599914551
218.0216827393 160.8573760986 174.0899963379
216.2582702637 160.1333770752 173.4960021973
219.9004669189 162.7769317627 167.3273925781
222.9521331787 155.4669342041 163.7131958008
213.5220642090 167.2380523682 190.7520141602
217.4267120361 181.8097381592 210.6799926758
220.6397552490 158.7599945068 160.1900024414
212.9727325439 168.1101074219 174.1189880371
213.3674163818 174.3798675537 191.3399963379
216.4686126709 170.0956115723 193.8876037598
219.3427886963 163.5890045166 179.4461975098
215.4972229004 173.0653533936 192.9199981689
212.5420532227 171.0303955078 196.5970001221
215.7874298096 165.0398559570 171.1699981689
220.6639556885 169.9900054932 190.0938110352
217.3838043213 180.5471954346 211.4611968994
214.7033996582 160.5498657227 172.2826080322
218.1499938965 157.9108581543 181.5100097656
211.9798126221 163.7267456055 183.7799987793
214.9122009277 166.6398773193 189.6600036621
217.4743041992 165.0640716553 178.5823974609
221.9452819824 153.6469268799 166.3240051270
221.2972259521 172.7253570557 191.5500030518
221.9452819824 153.6469268799 166.3240051270
227.8867645264 159.9920043945 159.3346099854
209.0398101807 173.8167419434 194.1100006104
213.9413909912 162.2200012207 172.8188018799
227.7067108154 162.3997344971 165.0899963379
218.1499938965 157.9108581543 181.5100097656
209.9834747314 177.1630554199 197.2460021973
214.3572235107 175.4753570557 198.9400024414
217.6999969482 171.9452362061 184.2873992920
211.9467163086 176.0297393799 207.2599945068
218.7721405029 177.0169372559 204.5231933594
220.3192138672 162.4875946045 181.7182006836
215.0608673096 163.5129699707 167.4799957275
213.4391326904 176.6858673096 205.8540039062
215.8319244385 166.3789825439 191.4580078125
220.6397552490 158.7599945068 160.1900024414
214.6689758301 160.4492645264 177.8489990234
213.7674255371 174.6098632812 209.1399993896
213.6108703613 158.7329711914 171.8699951172
212.0436248779 175.0069732666 191.7895965576
216.4992065430 165.9875946045 173.3481903076
216.6059570312 177.6988067627 208.9868011475
223.5421905518 159.4498748779 160.5199890137
215.7221374512 174.7469329834 194.8432006836
213.7347869873 175.5653228760 191.9810028076
211.3925781250 163.7700042725 172.6080017090
211.5982666016 174.1172943115 209.3610076904
221.2740783691 155.7128448486 168.8899993896
213.1472320557 170.9953613281 202.2600097656
222.1421356201 180.2469329834 209.0231933594
210.5634765625 166.3630523682 186.6360015869
217.1516876221 157.1273651123 170.3000030518
220.3807067871 163.3966522217 164.9060058594
214.6146545410 165.0523529053 185.6699981689
212.3759613037 156.2788085938 169.4067993164
218.7151489258 155.5700073242 161.4029998779
219.1197509766 160.5200042725 161.1900024414
216.8416595459 166.0593566895 180.8504028320
218.1772308350 174.1653594971 204.1000061035
224.9408721924 160.5529785156 164.0199890137
212.5546569824 176.8723449707 207.9299926758
217.6114044189 155.2200012207 161.9888000488
216.2664642334 160.8412475586 172.5700073242
218.1704711914 163.7869415283 178.8273925781
220.3527374268 173.2501068115 192.9089965820
213.6408691406 162.0729675293 176.7500000000
227.9313964844 158.9600067139 159.0187988281
218.1704711914 163.7869415283 178.8273925781
223.6116943359 158.6473693848 162.8000030518
216.3363037109 155.5787048340 166.8549957275
215.5767669678 172.4720153809 185.0546112061
215.4382781982 166.9933776855 190.5260009766
216.2088165283 166.0440216064 187.3399963379
215.2839965820 176.3022003174 207.7299957275
216.6538085938 181.7572021484 210.9812011719
226.1008605957 159.2829742432 164.8499908447
209.7608642578 167.5729675293 185.9299926758
217.1451416016 172.5099945068 189.9730072021
227.6139984131 160.4022064209 159.1300048828
216.7789459229 157.1881713867 170.1969909668
221.4488220215 158.0040283203 166.8099975586
213.7839508057 166.3200073242 171.8137969971
212.5659637451 169.2288055420 190.2768096924
216.8088226318 158.6840209961 169.4299926758
218.0767059326 164.6097412109 173.8699951172
213.6097564697 168.7400054932 187.4800109863
215.8072357178 169.4653472900 183.6300048828
219.2613983154 159.7899932861 161.0288085938
219.0989685059 173.4892578125 190.3789978027
216.4686126709 170.0956115723 193.8876037598
220.8338012695 181.0171966553 211.2911987305
217.9220581055 157.6880493164 163.4220123291
217.4917602539 156.5568084717 164.7310028076
218.5316925049 169.0473632812 189.4700012207
223.2067108154 159.2097320557 165.5000000000
211.6655731201 169.0059051514 192.4889984131
216.7789459229 157.1881713867 170.1969909668
213.1347808838 176.5253143311 204.5410003662
216.6059570312 177.6988067627 208.9868011475
214.0864715576 170.8012390137 197.2200012207
215.3188171387 171.3140258789 194.5999908447
218.4247894287 161.6153259277 176.7610015869
213.9074249268 172.2998657227 188.9400024414
217.6114044189 155.2200012207 161.9888000488
209.4438018799 171.3672027588 205.7312011719
215.5516815186 173.0773773193 191.6199951172
218.4284667969 164.4462890625 175.4897918701
214.2574310303 169.8498535156 184.1900024414
211.4107360840 170.8500061035 189.8626098633
219.0449981689 165.0369262695 178.2953948975
216.1840667725 161.1128540039 183.3499908447
215.5784606934 180.0562896729 204.0497894287
227.9313964844 158.9600067139 159.0187988281
213.6446685791 160.0923461914 169.1300048828
213.6886138916 168.2756195068 186.0476074219
213.8982849121 170.9233856201 206.7160034180
217.7846679688 154.8023529053 167.7200012207
207.5946655273 174.7023468018 194.5399932861
209.1236267090 179.1269836426 192.9196014404
211.9582824707 171.1833801270 198.8860015869
209.3982543945 174.1172943115 204.2310028076
219.3121948242 157.0898742676 162.3300018311
218.1626434326 161.8368072510 177.9929962158
214.7582702637 160.2633819580 173.7259979248
221.5706939697 161.9510345459 164.2201995850
217.3083953857 163.1679534912 168.1259918213
215.6299896240 167.2452392578 172.1973876953
213.2221984863 170.6298675537 195.3999938965
215.2116851807 172.5773773193 203.3099975586
218.2947845459 161.1653289795 180.9510040283
218.6788177490 166.1940307617 183.9400024414
207.5486145020 172.7756195068 204.7675933838
222.2727813721 170.3090057373 193.5462036133
209.4198150635 171.9667510986 200.9700012207
214.6539916992 171.1822052002 193.1999969482
215.3640747070 176.0628509521 207.7899932861
219.1316680908 173.7693481445 193.3303985596
219.2055816650 161.3459167480 182.8690032959
211.3639526367 161.2299957275 177.5438079834
212.0547790527 159.5753173828 178.3110046387
212.7467041016 176.0497283936 203.9799957275
210.4346618652 171.7723541260 200.8899993896
215.2263031006 157.1087036133 165.6349945068
212.3546600342 162.3023529053 181.9900054932
217.9567108154 162.6697387695 168.5299987793
220.9689483643 179.8781738281 206.7570037842
215.4746551514 160.3523559570 174.3699951172
220.5389556885 178.0481719971 209.8269958496
209.9838104248 172.5971984863 205.2211914062
223.4240722656 158.1528472900 166.3399963379
222.2633972168 161.1198577881 165.2425994873
210.5246582031 173.5123443604 194.3300018311
214.4138031006 175.5171966553 197.1112060547
211.5462951660 175.9087066650 192.1049957275
217.2088165283 160.0240325928 174.9299926758
213.8155822754 168.7459106445 193.8190002441
217.0316619873 182.2593536377 210.1004028320
211.1736297607 175.8569793701 206.1396026611
215.0238037109 163.1671905518 183.0111999512
217.8692169189 159.7475891113 170.7481994629
222.8866729736 161.0200042725 159.7919921875
217.4267120361 181.8097381592 210.6799926758
214.7466735840 162.2400054932 170.0220031738
211.6727752686 170.7989959717 193.2561950684
218.3943023682 168.1140747070 182.1824035645
212.3120574951 162.8480529785 180.1820068359
212.8407135010 176.5766448975 202.1060028076
216.8238067627 167.2572021484 187.6511993408
217.1316680908 163.7893524170 168.7804107666
213.4216613770 179.1793518066 194.2904052734
217.6498107910 165.5967407227 190.0299987793
221.6021423340 179.4369354248 208.0131988525
219.4463043213 153.8187103271 162.2149963379
213.8493957520 168.6825408936 185.9440002441
212.3197479248 174.2899932861 191.1900024414
220.5379180908 180.7276153564 212.3769989014
208.8982849121 170.2633819580 202.0459899902
225.4766845703 159.5899963379 158.3619995117
215.7874298096 165.0398559570 171.1699981689
214.6808624268 161.2229766846 183.0699920654
224.5218658447 156.6775207520 164.7220001221
212.0036468506 171.8478240967 189.7839965820
218.9621429443 175.9169311523 205.5531921387
214.2099914551 164.6608581543 186.4199981689
217.2967071533 181.6897277832 206.8199920654
218.0567169189 160.4897308350 181.5299987793
227.9313964844 158.9600067139 159.0187988281
217.4743041992 165.0640716553 178.5823974609
219.1526489258 162.6968078613 182.9629974365
222.2727813721 170.3090057373 193.5462036133
221.0052947998 157.5369262695 166.5240020752
218.7392120361 164.4775848389 176.4781951904
224.3227844238 160.9689941406 165.6261901855
213.0916595459 160.2293548584 168.5604095459
223.6116943359 158.6473693848 162.8000030518
222.7794036865 159.2825317383 165.6740112305
212.9221954346 168.8998718262 189.4199981689
216.8457641602 177.3159027100 210.2330017090
220.0438079834 179.6271972656 212.9011993408
217.9567108154 162.6697387695 168.5299987793
214.8387451172 160.3159942627 171.0686035156
214.0074310303 161.8998565674 168.5700073242
215.4316558838 165.8493499756 175.5704040527
216.8152923584 165.1369323730 186.7440032959
217.1849975586 176.5269165039 200.6553955078
218.7799987793 165.8208465576 192.4100036621
212.5908660889 163.3929748535 182.8300018311
219.4221343994 166.6269378662 183.5431976318
223.6116943359 158.6473693848 162.8000030518
220.9189758301 172.3592681885 190.8789978027
216.4940032959 166.8822021484 187.7600097656
217.8467102051 179.0097351074 204.7400054932
213.4627380371 175.4900970459 208.5489959717
217.8017578125 181.7667999268 206.3510131836
214.8638000488 173.4871978760 195.9512023926
218.1772308350 174.1653594971 204.1000061035
218.9621429443 175.9169311523 205.5531921387
215.7764739990 166.8112487793 191.4800109863
218.0567169189 160.4897308350 181.5299987793
213.6408691406 173.8929748535 210.5399932861
215.4746551514 160.3523559570 174.3699951172
214.1186065674 161.1256256104 169.9076080322
213.2627258301 178.3200988770 195.4589996338
223.2621307373 154.9969329834 164.9631958008
217.1849975586 176.5269165039 200.6553955078
220.6402893066 153.6598358154 168.2250061035
215.4746551514 160.3523559570 174.3699951172
215.7772216797 178.5153503418 202.3200073242
210.1619262695 164.5089874268 185.2080078125
216.0555725098 156.6559143066 179.5489959717
210.5146636963 173.5223541260 196.0200042725
222.6236419678 162.3978271484 160.8839874268
209.2897796631 169.4557037354 191.7218017578
211.2020568848 171.2680511475 199.2620086670
217.6452941895 174.5669250488 206.9140014648
212.3713989258 173.2899932861 190.4288024902
215.4746551514 160.3523559570 174.3699951172
209.6159667969 164.8588104248 183.9668121338
214.1082763672 155.5333862305 168.0459899902
217.6086120605 179.8056182861 212.4476013184
216.1740722656 172.5528564453 210.1100006104
216.4992065430 165.9875946045 173.3481903076
212.9740753174 170.5528564453 204.5000000000
212.9740753174 170.5528564453 204.5000000000
215.4246673584 167.3423461914 188.6000061035
220.4043121338 170.2540740967 190.2124023438
214.0382843018 171.2633819580 200.2359924316
212.5659637451 169.2288055420 190.2768096924
219.7643127441 172.7740631104 191.0623931885
212.2313995361 167.4299926758 180.9687957764
212.1659698486 171.6688079834 208.0768127441
215.2536315918 163.4169769287 167.4196014404
216.0021972656 161.0598754883 176.7399902344
219.2551422119 181.8999938965 207.1130065918
222.8583831787 161.5179595947 160.6559906006
210.5074310303 174.7798614502 199.1699981689
216.5439910889 159.8922119141 173.5299987793
217.3838043213 180.5471954346 211.4611968994
218.8327789307 173.6089935303 203.4362030029
215.7764739990 166.8112487793 191.4800109863
217.2836303711 156.9369812012 163.3495941162
216.2088165283 166.0440216064 187.3399963379
208.0814056396 172.2200012207 201.1387939453
214.0088195801 178.0840301514 210.1999969482
213.4391326904 176.6858673096 205.8540039062
210.6608734131 175.0829772949 207.8199920654
220.9067077637 173.3397369385 192.9499969482
216.2582702637 160.1333770752 173.4960021973
212.9857635498 171.6359100342 209.1930084229
208.1382598877 170.5973052979 205.5310058594
218.7127838135 161.9689941406 173.1261901855
213.3746643066 157.6423492432 171.0299987793
220.8338012695 181.0171966553 211.2911987305
221.1066741943 160.6399993896 160.2919921875
219.9849853516 166.9169158936 182.6353912354
211.7340698242 166.4328460693 177.0499877930
220.0489654541 181.2092590332 205.5390014648
212.3582763672 156.1833801270 166.7460021973
213.6108703613 158.7329711914 171.8699951172
218.2888183594 162.2440338135 174.1499938965
209.4198150635 171.9667510986 200.9700012207
213.2099914551 162.1552276611 177.9273986816
217.4627838135 171.3390045166 187.3562011719
219.4463043213 153.8187103271 162.2149963379
221.1038208008 162.0684661865 165.2413940430
222.1421356201 180.2469329834 209.0231933594
210.7547760010 168.8253173828 190.5709991455
218.3963012695 176.6486968994 209.0149993896
228.8547821045 156.8853149414 158.9510040283
212.9788208008 161.7440338135 175.9599914551
211.5320587158 169.4980468750 190.5120086670
212.2667694092 175.5720062256 197.2145996094
213.0916595459 160.2293548584 168.5604095459
221.8189544678 154.8681793213 167.0070037842
215.9897613525 163.9799957275 170.3300018311
216.8664703369 161.2312469482 178.5599975586
217.7304687500 174.4869384766 203.2873992920
216.9657592773 153.9359130859 165.5429992676
219.1016845703 163.0773773193 173.3099975586
220.5199890137 166.0752258301 180.7173919678
220.5113983154 159.3800048828 160.2788085938
217.3082580566 155.5173034668 166.7610015869
228.8399963379 157.2608489990 164.4199981689
215.4174194336 167.0398559570 181.7700042725
211.2759552002 159.4788055420 179.9868011475
220.1152954102 167.4169311523 192.9340057373
211.7633972168 170.6898651123 194.2026062012
218.4149932861 163.4169158936 171.9753875732
220.5379180908 180.7276153564 212.3769989014
226.3652954102 157.9769287109 163.2839965820
219.0989685059 173.4892578125 190.3789978027
210.2259674072 171.9288024902 200.2468109131
216.2999877930 159.0552368164 177.2473907471
221.1240692139 172.2828521729 193.7899932861
213.0439605713 177.2200012207 191.2138061523
216.8939971924 159.2221984863 164.8399963379
216.5752868652 157.9069213867 181.5440063477
219.7708740234 155.8229675293 168.6100006104
215.2839965820 176.3022003174 207.7299957275
215.4382781982 166.9933776855 190.5260009766
214.2574310303 169.8498535156 184.1900024414
210.5074310303 174.7798614502 199.1699981689
218.6338195801 161.0684661865 170.6513977051
217.1588287354 167.0140228271 189.1600036621
214.5363006592 170.9687042236 207.9750061035
209.3247833252 176.1453247070 192.0010070801
212.9857635498 171.6359100342 209.1930084229
