225.04 162.61 152.33
227.29 163.06 153.32
226.65 163.51 154.47
225.58 163.36 154.36
227.02 162.87 155.27
226.95 164.99 154.72
225.92 165.74 155.40
226.56 166.40 156.50
226.64 165.41 157.61
226.21 163.85 157.32
225.36 163.56 156.71
227.13 162.86 158.00
228.28 163.78 158.85
229.39 163.54 159.76
229.75 162.57 160.42
230.14 164.68 159.94
230.11 164.96 160.91
230.10 165.71 159.06
230.65 165.29 157.93
230.52 164.30 157.77
227.98 165.33 158.59
228.23 165.14 155.57
228.27 164.25 156.72
226.05 164.28 159.72
224.67 163.82 159.39
226.13 165.60 160.41
226.65 163.21 160.83
226.96 161.81 160.58
227.72 161.61 159.83
227.40 161.44 161.51
225.79 160.93 160.19
225.23 161.32 159.34
226.27 159.59 160.00
226.41 158.92 161.25
226.01 157.91 161.14
227.79 158.83 161.88
227.89 159.09 163.23
227.04 158.94 163.87
228.86 159.93 163.67
228.44 160.94 164.73
228.71 160.63 165.74
228.89 161.90 164.49
227.36 161.11 164.67
230.09 160.09 162.90
231.13 160.61 163.30
230.05 159.50 161.66
230.83 159.67 161.05
228.92 158.96 161.06
229.00 158.54 159.91
225.02 160.98 161.47
225.29 161.86 162.05
225.46 159.72 162.15
225.88 160.21 163.04
224.63 159.08 162.46
223.68 161.02 161.43
222.97 161.44 162.76
222.73 162.88 162.83
223.55 160.65 163.90
221.90 160.64 161.93
221.50 159.38 162.32
222.24 158.89 162.94
221.25 158.76 161.45
220.25 159.79 163.07
219.73 160.52 162.45
219.45 158.66 163.24
219.86 158.11 164.45
219.02 157.55 164.86
221.00 157.16 164.25
222.19 157.09 164.96
222.86 157.92 165.08
222.25 155.97 165.62
221.04 155.39 165.19
219.87 155.06 165.91
219.83 155.22 167.21
220.71 155.48 167.63
218.96 155.55 167.58
218.67 155.02 165.34
218.60 155.22 164.03
217.63 155.19 163.56
219.60 155.57 163.23
220.73 155.86 163.94
220.50 160.42 164.45
221.55 160.58 164.72
220.10 159.28 165.39
219.16 159.48 165.90
220.89 159.08 166.11
219.93 161.72 164.36
219.06 162.43 165.45
219.21 163.89 165.45
219.20 161.65 166.68
217.67 162.15 164.74
216.65 161.45 165.35
217.00 160.43 165.54
215.88 161.38 164.59
216.06 162.09 166.65
216.00 163.17 166.50
214.82 161.45 166.44
214.88 160.21 167.12
213.86 160.09 167.50
215.38 158.86 166.65
216.60 158.28 166.97
217.56 158.74 166.81
216.49 157.33 167.87
215.09 157.35 168.03
214.28 157.49 169.18
214.79 157.54 170.40
215.78 157.37 170.44
214.55 158.39 170.89
213.02 157.93 169.08
212.53 158.14 167.88
211.53 158.54 167.82
213.16 158.06 166.72
214.50 157.84 166.90
216.57 161.70 168.10
217.61 161.38 168.11
215.64 160.57 168.32
214.82 160.84 168.99
216.25 159.76 168.73
216.35 162.29 169.40
216.59 161.43 170.86
217.94 161.65 171.40
215.99 160.08 170.94
215.54 162.24 171.66
215.93 163.42 172.24
215.02 164.01 172.34
216.60 163.98 171.59
216.65 163.19 173.58
217.73 163.32 173.45
216.04 164.24 174.22
214.87 163.76 174.89
214.99 164.08 175.92
213.62 164.37 174.43
212.43 163.77 174.75
212.42 162.82 175.26
211.27 164.42 174.50
210.32 163.97 174.77
211.37 165.72 173.96
211.14 166.61 174.87
211.17 166.20 175.79
211.79 167.37 174.70
212.47 166.24 173.51
213.64 165.64 173.80
214.62 166.32 173.54
216.43 162.09 174.63
216.65 161.10 174.23
214.93 162.22 174.86
214.39 161.81 174.00
214.58 161.73 175.77
217.41 162.41 175.66
217.33 163.44 176.95
218.57 163.27 177.72
216.86 164.81 176.67
216.14 162.63 177.65
214.94 163.19 178.16
214.21 163.55 177.43
214.45 162.29 178.54
215.03 164.23 179.29
214.99 165.24 178.90
213.84 163.82 180.00
214.11 162.79 180.97
213.53 163.05 181.85
214.00 161.26 180.76
215.04 160.48 181.27
215.62 160.88 182.09
215.67 159.65 180.41
217.20 159.74 180.32
217.71 159.20 181.11
217.53 159.39 179.34
217.52 160.78 180.33
214.90 159.01 179.35
215.29 158.13 178.59
213.60 159.47 179.27
212.97 158.93 178.70
213.18 160.69 179.76
212.20 161.23 179.27
216.28 163.97 180.17
216.96 163.35 179.58
215.59 163.12 181.20
216.27 162.30 180.97
215.72 163.39 182.25
217.27 164.83 180.74
218.32 164.30 181.92
219.51 165.15 182.06
218.44 162.82 181.91
217.44 164.61 183.20
216.60 165.72 183.18
215.65 165.41 183.62
216.23 165.98 182.19
217.20 167.02 183.77
218.12 167.27 183.24
216.12 167.81 183.39
215.21 167.72 184.46
215.07 168.79 184.61
213.86 167.22 184.23
213.26 166.49 185.23
213.67 166.49 186.23
212.16 165.78 184.97
211.72 165.17 185.74
211.52 166.07 183.74
210.53 166.83 184.04
210.70 167.23 184.95
210.41 167.46 183.27
212.04 166.81 182.80
213.22 167.43 183.01
213.61 168.24 182.17
217.30 167.26 185.31
218.00 166.53 185.73
215.91 166.88 185.61
215.79 165.80 185.53
215.65 167.12 186.64
217.52 168.59 185.91
216.42 169.79 186.39
215.01 169.36 186.58
216.69 171.02 185.63
216.79 170.05 187.89
216.41 169.09 188.84
216.60 168.09 188.46
217.16 169.29 189.61
214.96 169.10 189.45
214.22 168.74 188.74
215.05 168.21 190.57
215.61 168.95 191.66
215.04 168.77 192.57
217.06 168.62 191.85
217.83 167.65 191.22
217.39 166.82 190.69
219.11 167.90 191.18
219.21 169.16 191.80
220.29 170.11 191.97
221.50 169.99 191.82
219.85 171.38 192.30
220.56 172.05 192.53
218.57 171.68 192.65
218.03 172.51 191.80
217.02 172.47 191.85
218.41 172.53 190.86
217.68 170.74 192.87
217.99 169.54 192.30
214.47 170.44 190.05
214.72 171.24 189.36
215.42 170.43 191.21
215.12 171.07 192.04
216.34 170.84 190.79
213.06 170.47 190.33
212.32 170.85 191.74
213.05 170.22 192.86
210.90 170.48 191.53
212.30 172.46 191.99
213.36 173.29 192.47
214.18 173.32 191.76
212.93 174.29 192.45
213.95 173.11 193.91
214.76 172.39 193.90
214.39 174.47 194.16
213.50 175.14 195.07
214.01 175.17 196.04
212.76 176.45 194.85
211.58 176.58 195.58
211.54 176.12 196.55
210.42 176.74 194.89
209.22 175.87 195.30
208.46 176.43 195.85
208.77 175.45 194.40
209.55 175.01 195.88
210.44 177.41 193.60
209.47 177.80 192.96
211.70 177.66 193.12
211.77 178.18 192.26
212.86 177.09 193.61
213.88 177.22 192.94
212.93 172.70 195.01
212.17 172.03 194.61
212.36 174.11 195.04
211.70 174.26 194.19
211.69 174.27 195.88
213.36 172.20 196.31
212.70 172.83 197.64
213.38 174.12 197.79
211.23 172.82 197.43
212.73 172.24 199.08
212.13 173.14 200.02
211.32 173.72 199.59
211.61 172.52 200.75
213.17 174.13 200.65
213.62 174.80 199.92
212.39 174.90 201.56
212.19 174.12 202.70
212.40 174.76 203.56
210.76 173.62 202.81
209.60 174.02 202.16
209.56 174.87 201.50
208.55 173.25 202.38
209.07 172.22 203.18
208.53 170.99 203.69
207.37 170.57 203.76
209.50 170.10 204.11
209.18 169.25 204.53
210.81 170.42 204.24
211.55 169.81 203.35
212.41 170.32 203.24
211.09 169.64 202.47
211.23 171.66 204.16
210.38 172.48 203.48
214.21 173.22 201.37
214.31 172.33 200.74
213.26 172.97 202.54
213.84 172.82 203.45
212.79 172.01 202.32
215.53 173.37 201.94
216.89 174.14 201.41
216.71 174.76 200.08
218.06 173.29 201.71
216.92 175.33 202.48
215.70 175.99 202.63
214.96 175.22 202.86
215.34 176.42 201.69
215.51 176.96 203.74
215.04 177.84 203.30
214.66 176.24 204.58
215.39 175.65 205.63
214.80 175.83 206.53
215.42 174.20 205.35
216.46 173.33 205.50
217.44 173.49 205.08
216.18 172.43 206.42
214.82 172.75 206.67
214.07 172.88 207.85
214.69 172.72 208.99
215.61 172.32 208.85
214.58 173.55 209.56
212.96 173.62 207.94
212.49 174.14 206.82
211.60 174.74 206.84
213.07 174.08 205.65
214.30 173.50 205.68
216.55 177.41 204.75
217.50 177.72 204.32
216.74 176.31 205.78
216.85 176.71 206.79
217.59 175.67 205.54
216.00 178.47 205.46
214.48 179.05 205.51
213.28 178.18 205.50
214.56 180.40 204.95
215.21 178.79 206.89
214.64 178.18 208.02
215.39 177.51 208.43
213.73 177.62 207.79
214.41 179.31 209.01
213.45 179.16 209.50
215.48 179.29 209.93
216.47 180.17 209.42
217.08 180.52 210.26
217.38 179.59 208.38
217.69 180.07 207.12
216.95 180.40 206.40
218.98 180.23 206.96
219.38 179.83 208.24
219.92 180.64 209.25
220.14 181.90 208.94
220.16 182.01 207.94
219.52 182.53 209.43
219.72 180.39 210.55
219.13 179.25 210.86
218.99 179.03 211.91
218.55 178.40 210.03
218.51 178.91 208.76
214.50 180.71 208.40
214.51 180.78 207.31
215.74 181.38 208.94
215.53 182.03 209.78
216.26 181.93 208.15
213.38 181.37 208.72
213.19 182.79 208.13
211.81 182.72 207.66
214.30 183.22 207.25
213.51 183.36 209.64
212.97 182.80 210.85
213.30 183.41 211.69
213.34 181.79 211.03
211.43 182.76 210.81
211.10 181.83 210.35
210.97 182.89 212.17
210.64 184.24 212.46
211.52 184.96 213.45
214.00 185.97 213.65
213.79 184.81 214.19
212.55 184.25 214.10
212.35 183.21 214.71
210.92 183.96 210.03
211.68 184.41 209.38
210.88 184.97 211.13
211.89 185.36 211.07
209.87 183.76 209.12
