234.05 135.27 201.91
233.23 135.49 202.45
234.87 135.58 202.40
232.57 137.52 202.86
233.52 138.95 204.63
234.22 137.61 205.31
234.88 137.98 206.58
234.93 136.82 204.27
232.95 136.71 205.70
231.71 137.35 205.72
231.43 137.51 204.68
231.83 138.33 206.18
230.54 136.70 206.46
230.70 136.79 207.54
229.51 137.56 205.96
228.88 136.89 204.87
227.85 136.72 205.15
228.76 137.65 203.61
229.02 138.96 203.31
229.23 139.69 204.07
228.67 135.21 201.21
228.98 133.96 201.43
228.52 133.62 202.26
229.88 133.60 201.15
228.15 135.74 202.28
228.44 137.05 202.42
230.13 135.26 206.10
231.01 134.61 206.08
229.65 135.55 204.70
229.03 134.72 204.35
230.50 135.65 204.02
229.13 134.68 206.97
227.52 135.01 206.91
227.00 134.75 205.56
227.31 136.33 207.54
226.78 133.97 207.79
226.94 132.59 207.63
225.97 132.25 208.00
227.72 132.30 208.35
227.24 131.81 206.31
228.09 132.25 205.79
227.55 130.53 206.90
226.33 129.83 207.17
226.47 128.77 206.93
225.69 129.95 208.53
226.29 130.34 209.70
227.37 130.34 209.82
225.48 130.86 210.58
224.23 130.81 209.94
222.95 131.42 210.22
222.54 132.03 211.20
222.08 131.36 209.16
221.26 131.97 209.19
222.30 130.62 208.06
221.94 131.19 206.93
222.36 130.82 206.10
221.59 132.14 206.91
223.30 129.77 207.94
224.33 130.05 208.80
226.05 131.58 205.32
225.42 132.46 205.30
225.46 130.44 206.08
225.37 129.57 205.43
224.52 130.89 206.39
226.10 131.01 204.00
224.72 130.60 203.13
225.06 129.40 202.36
224.35 131.83 202.39
223.34 130.26 204.03
222.96 129.09 204.81
223.63 128.86 205.63
222.04 129.43 205.30
222.55 127.70 204.32
223.42 127.20 203.89
222.12 127.06 205.54
220.71 127.14 205.68
220.37 126.21 206.13
220.23 128.26 206.56
220.03 128.17 207.91
220.56 127.46 208.53
219.05 128.92 208.36
218.70 129.66 207.22
217.68 130.59 206.90
216.65 130.89 207.67
215.97 131.50 207.25
216.57 130.43 208.57
217.61 131.20 205.72
218.55 130.91 204.84
218.50 131.40 203.88
219.51 130.02 204.97
219.53 129.39 206.18
221.33 127.66 203.39
221.13 128.67 203.04
220.15 127.18 204.25
219.82 126.19 203.95
219.26 127.79 204.11
221.40 126.79 202.28
222.20 125.38 202.22
223.64 125.67 202.10
221.50 124.62 201.18
221.99 124.67 203.66
220.83 123.94 203.99
220.44 124.32 204.93
220.07 124.07 203.22
221.10 122.45 204.18
222.01 122.32 204.76
219.93 122.04 204.90
219.05 121.42 203.98
218.58 120.59 204.49
217.95 122.21 203.35
216.64 122.05 203.70
216.34 121.90 204.73
215.82 121.89 202.69
216.67 122.15 201.59
216.59 122.06 200.18
215.57 121.54 199.52
215.75 121.40 198.54
214.83 121.11 200.05
217.58 122.39 199.37
218.70 122.83 199.93
219.52 123.11 199.29
218.92 122.95 201.23
217.90 122.56 202.02
221.21 121.69 202.84
221.14 122.40 202.01
219.99 120.81 202.98
220.27 119.88 203.48
219.55 120.60 202.01
222.29 120.79 202.59
222.65 120.28 201.07
224.02 119.74 201.05
222.25 121.30 200.08
221.71 119.01 200.68
220.98 118.19 201.55
220.72 117.31 200.96
220.00 118.63 201.76
221.62 117.74 202.89
221.61 118.55 203.62
220.83 116.63 203.33
221.41 115.44 202.80
221.67 114.74 203.59
220.48 114.82 201.83
219.16 115.16 201.68
218.58 115.53 202.51
223.04 117.22 202.92
223.75 117.86 202.41
222.70 115.97 202.13
223.47 115.20 202.06
222.55 116.27 201.10
223.22 117.25 204.34
223.88 116.15 205.27
223.07 114.91 205.25
224.17 116.79 206.57
225.24 115.88 204.50
225.38 114.94 203.45
225.44 115.49 202.52
224.53 114.26 203.46
226.62 114.06 203.56
227.78 119.73 202.58
227.16 120.75 202.31
228.34 119.71 203.84
227.94 120.34 204.51
229.29 118.82 204.21
229.38 118.55 205.48
229.87 117.69 205.69
228.62 118.80 206.10
227.43 114.44 204.77
226.83 114.71 205.64
228.15 115.64 204.19
229.05 115.89 204.74
227.49 116.51 204.20
228.32 113.41 205.07
229.35 113.65 206.23
229.03 114.95 206.86
227.87 112.68 208.17
227.05 113.28 207.78
227.48 111.71 208.47
228.42 113.36 209.44
227.79 114.22 209.69
230.24 114.40 208.59
234.82 117.84 210.28
235.22 119.16 210.31
236.13 119.27 210.91
234.44 119.73 210.80
235.41 119.67 208.87
234.62 119.19 208.30
235.04 121.04 209.06
236.25 121.71 209.07
236.08 122.74 208.76
237.00 121.71 210.38
236.93 122.94 210.97
235.95 123.37 211.15
238.07 123.67 211.07
238.04 124.71 211.37
239.28 123.01 210.70
240.08 123.55 209.85
240.51 122.77 209.39
239.63 124.24 209.26
239.38 121.73 210.54
238.23 121.02 210.54
238.30 119.85 210.85
236.74 119.51 208.01
236.98 118.93 208.90
236.91 121.05 207.91
236.44 121.36 206.98
237.92 121.44 207.92
238.16 119.27 208.01
239.72 120.77 206.63
237.96 119.39 205.58
239.26 116.75 198.15
238.98 115.71 198.29
238.67 117.28 196.95
239.54 118.26 196.38
239.81 118.01 195.36
240.76 116.83 198.01
241.29 116.93 198.95
240.80 118.17 197.25
241.69 118.37 196.66
241.12 115.56 197.48
242.02 115.46 196.21
241.15 115.99 195.15
242.63 114.11 196.13
243.09 116.52 196.76
243.96 117.32 196.01
244.09 118.28 196.52
244.93 116.82 196.10
243.68 117.66 194.53
242.87 118.38 194.43
244.94 118.23 194.19
245.77 117.15 193.75
246.11 117.39 192.75
246.97 116.97 194.62
248.15 117.63 194.40
248.16 118.65 194.04
249.21 116.86 194.46
248.65 115.64 194.89
249.08 114.30 194.97
250.22 113.86 194.49
250.30 112.85 194.46
250.78 114.53 193.98
248.31 113.31 195.44
247.10 113.66 195.87
246.46 112.87 196.24
246.57 114.86 195.85
247.35 115.81 195.26
243.49 116.54 193.48
242.76 115.76 193.71
244.85 115.92 193.66
245.15 115.15 192.95
244.72 115.36 194.58
243.04 117.16 192.30
243.74 117.06 190.90
244.91 117.95 190.99
242.67 117.28 189.91
244.27 115.51 190.82
245.65 115.19 190.61
245.80 114.17 190.95
246.28 115.84 191.23
246.17 115.31 189.18
247.05 115.94 189.20
246.62 114.04 188.71
245.55 113.47 187.99
245.95 112.77 187.26
244.70 112.71 188.95
245.39 111.76 189.69
246.40 111.98 190.00
244.83 110.55 189.91
245.39 109.77 190.42
243.54 110.34 189.38
243.52 109.46 188.43
242.87 109.84 187.76
244.45 109.21 188.13
242.81 111.28 188.87
243.32 112.53 188.74
242.57 113.38 188.31
245.10 115.83 188.21
244.10 115.75 188.64
245.00 114.67 187.22
245.67 114.75 186.37
243.99 114.55 186.83
245.16 117.19 187.74
246.26 118.37 188.08
247.29 118.09 189.13
245.76 119.75 187.86
247.04 118.08 186.78
247.73 116.88 186.58
247.11 116.01 186.36
248.39 116.65 187.42
248.51 117.25 185.38
249.36 117.77 185.82
248.98 116.02 184.82
248.58 116.12 183.49
249.30 115.64 182.83
247.27 115.29 183.33
247.50 114.02 182.87
248.52 113.68 182.78
246.48 113.20 182.49
246.66 112.23 182.05
245.17 113.73 182.64
244.36 113.73 181.65
243.80 114.55 181.82
244.83 113.71 180.75
244.91 114.76 183.34
245.93 115.53 183.79
245.58 116.25 184.69
247.96 118.25 184.28
248.20 119.28 184.55
248.94 117.63 183.37
249.96 117.82 183.70
248.94 118.18 182.43
246.65 118.25 183.65
246.19 118.35 182.05
244.94 117.60 181.85
246.27 119.78 181.66
247.25 117.53 181.12
248.12 118.17 180.19
247.88 119.23 180.10
249.16 118.09 180.52
248.09 117.55 178.82
247.85 118.37 178.13
249.38 117.09 178.48
249.19 116.13 177.45
248.77 116.57 176.55
250.45 115.43 177.12
250.50 114.08 177.42
249.66 113.47 177.14
251.48 113.62 178.24
251.26 112.29 178.93
251.99 111.55 178.58
251.40 112.45 180.00
250.24 111.94 178.77
252.58 114.49 178.65
253.50 114.20 179.40
252.53 115.77 178.14
253.03 116.49 178.63
251.59 116.23 177.26
251.78 117.32 176.74
247.13 116.37 178.61
246.69 116.03 179.54
248.14 115.30 178.19
248.56 114.84 179.08
247.74 114.52 177.54
246.06 116.56 177.67
245.94 117.75 176.57
245.54 118.98 177.28
247.15 117.77 175.74
244.70 117.34 175.61
244.62 116.06 174.99
245.56 115.78 174.53
243.84 116.12 174.22
244.19 115.06 176.06
244.05 115.66 176.96
242.87 114.55 175.89
242.93 113.19 176.23
242.00 112.86 176.70
243.14 112.41 174.98
242.97 113.02 173.76
243.23 114.07 173.64
242.44 112.33 172.72
242.26 112.82 171.78
242.18 110.97 172.97
241.08 110.51 172.50
240.75 109.79 173.13
240.49 111.18 172.03
242.47 110.33 174.08
243.06 111.01 175.08
243.34 110.40 176.11
245.14 113.92 176.52
245.86 114.30 177.25
244.07 113.14 177.26
243.78 113.68 178.16
244.41 112.14 177.51
245.74 112.93 175.66
247.03 113.11 174.71
247.70 114.38 175.05
247.80 111.85 174.76
246.29 113.19 173.29
245.69 112.04 172.72
245.45 111.31 173.50
244.77 112.35 172.22
246.44 111.33 171.62
247.38 110.92 171.98
245.51 110.31 171.15
245.59 110.07 169.75
246.03 109.08 169.58
244.33 110.19 168.91
244.38 110.90 167.72
245.30 111.00 167.17
243.39 111.76 167.41
243.83 113.04 166.72
244.32 112.85 165.77
243.00 113.73 166.61
244.55 113.52 167.38
242.07 111.60 168.01
241.05 112.23 167.74
242.00 110.58 168.93
241.09 110.37 169.32
243.08 109.91 169.47
242.87 109.08 170.34
246.66 112.24 170.42
245.80 112.90 170.31
246.63 111.13 169.39
246.47 111.67 168.46
247.58 110.61 169.34
247.86 113.01 170.27
248.28 113.65 168.83
249.41 114.60 168.93
247.07 113.97 168.03
248.86 112.30 168.26
250.01 111.68 168.79
249.77 110.66 169.09
250.39 112.22 169.65
251.05 111.65 167.67
251.48 112.65 167.57
252.02 110.67 168.07
251.76 109.46 167.38
252.60 109.26 166.70
251.53 108.31 168.29
251.14 108.36 169.61
251.49 109.14 170.28
250.20 107.50 169.92
249.99 106.82 168.71
248.90 106.01 168.22
247.89 105.58 168.78
248.97 105.76 166.86
248.16 105.32 166.45
250.02 106.09 166.09
249.79 106.36 164.84
250.59 106.84 164.44
248.87 106.67 164.60
251.07 106.76 166.51
250.98 107.15 167.81
250.39 111.18 166.36
249.34 111.44 166.30
250.46 109.69 166.57
250.44 109.15 165.63
249.59 109.39 167.16
250.87 111.56 165.08
252.24 112.35 164.78
251.96 113.69 164.24
253.26 112.11 165.81
252.58 111.39 163.56
252.76 110.00 163.77
252.11 109.64 164.57
252.39 109.52 162.88
254.20 109.53 164.11
254.30 109.36 165.18
254.29 108.35 163.34
254.70 108.68 162.01
255.56 108.06 161.77
253.61 108.47 160.98
253.31 109.51 160.12
254.04 110.29 159.95
252.07 109.70 159.61
251.73 111.09 159.12
251.78 111.15 158.03
250.72 111.34 159.46
252.40 111.81 159.57
251.05 108.66 159.76
249.92 108.66 159.28
251.45 107.58 160.50
250.75 106.87 160.68
252.65 107.45 161.17
252.78 106.44 161.86
255.34 110.43 163.60
255.06 111.46 163.82
255.17 110.17 162.13
254.40 110.88 161.83
256.09 110.36 161.57
256.73 110.31 164.01
257.59 108.95 164.27
257.52 108.64 165.71
257.21 107.92 163.28
259.13 109.36 163.90
259.41 110.03 162.68
258.64 109.72 161.97
259.23 111.10 162.83
260.77 109.83 161.92
260.63 108.89 161.38
260.71 110.95 161.05
261.63 111.94 161.51
262.47 111.96 160.80
261.09 113.31 161.75
261.58 113.93 162.89
262.55 113.63 163.27
260.73 114.53 163.74
260.99 114.27 165.21
261.77 114.91 165.61
260.06 114.37 165.77
261.29 113.23 165.32
259.45 115.04 163.26
258.67 115.77 163.86
259.15 114.65 161.97
258.24 114.92 161.62
259.82 113.69 161.25
259.25 113.25 160.26
262.23 109.92 162.52
262.31 109.30 163.41
262.13 111.34 162.86
261.41 111.46 163.67
263.12 111.69 163.16
263.39 109.90 161.61
265.06 109.84 161.81
265.77 110.22 160.62
265.38 110.68 162.98
265.59 108.28 161.95
265.94 107.34 160.92
266.73 107.73 160.28
266.35 106.48 161.44
264.81 106.74 160.06
265.28 106.07 159.33
264.02 105.95 160.97
263.12 106.83 161.62
262.17 106.31 161.69
263.35 106.95 163.20
262.67 106.10 164.05
262.36 105.12 163.72
262.29 106.61 165.19
263.02 107.80 165.25
263.20 108.86 166.20
262.52 109.14 167.28
262.83 110.00 167.72
261.69 108.61 167.51
264.21 109.71 166.16
265.15 109.40 165.28
266.01 110.06 165.26
265.14 108.38 164.44
263.93 107.79 164.23
263.93 107.70 159.24
263.50 107.14 158.40
262.80 107.70 160.30
262.02 107.11 159.83
262.25 108.64 160.28
264.74 108.77 158.60
264.41 110.35 158.06
263.55 111.07 159.01
263.89 110.24 156.67
265.83 111.26 157.92
267.17 110.88 158.32
267.17 110.01 158.98
267.68 110.45 157.46
268.11 111.93 159.02
267.87 111.96 160.08
269.42 111.38 158.82
269.95 111.91 157.62
270.99 112.14 157.82
269.87 111.00 156.45
270.88 110.16 156.03
271.66 109.84 156.71
270.87 109.90 154.75
269.67 110.50 154.33
269.03 110.73 153.09
269.59 110.49 151.92
269.05 110.79 151.12
270.53 110.12 151.91
267.84 111.31 152.96
267.25 111.68 154.09
266.28 112.15 154.01
267.75 111.61 155.30
268.98 111.04 155.38
268.29 113.40 158.53
267.33 113.75 158.15
269.28 113.24 157.37
270.11 113.94 157.28
268.75 113.38 156.43
268.73 114.29 159.59
269.99 115.33 159.55
271.24 114.53 159.53
269.79 116.39 160.55
269.82 115.97 158.08
269.93 117.32 157.77
269.35 117.92 158.48
269.46 117.38 156.79
271.36 117.85 157.61
272.06 117.01 157.55
271.36 118.61 156.40
270.83 119.89 156.73
271.27 120.61 156.04
269.35 119.91 156.57
268.90 119.74 155.29
269.48 119.12 154.62
267.80 120.41 154.87
267.46 120.34 153.84
267.16 121.24 155.83
267.20 122.50 155.56
267.34 122.95 156.45
267.83 122.72 154.80
267.43 121.22 157.10
268.46 120.45 157.53
268.56 120.30 158.73
271.85 118.84 158.70
271.29 118.64 159.61
271.43 120.19 158.09
272.28 120.83 157.85
270.80 120.75 158.78
273.25 118.60 158.91
274.49 119.65 158.79
275.70 118.90 159.20
274.46 120.28 157.45
274.24 120.77 159.93
273.57 122.04 159.81
272.53 121.93 159.49
273.43 122.30 160.86
274.24 123.29 159.14
273.54 123.70 158.40
274.37 124.16 160.28
275.76 124.35 160.46
275.96 125.24 159.86
276.49 124.53 161.74
277.83 124.22 161.63
278.33 124.41 160.69
278.35 123.26 162.42
279.36 122.32 161.77
280.38 122.51 162.10
279.08 121.29 162.00
279.32 122.40 160.68
277.70 122.95 163.69
278.12 122.21 164.58
276.51 123.62 163.90
276.02 123.44 164.76
275.82 124.33 162.95
274.70 124.76 163.22
275.66 123.19 158.48
275.77 122.29 157.88
276.30 123.04 159.82
276.00 122.17 160.40
277.37 122.88 159.69
276.28 124.36 157.82
277.85 124.97 158.10
278.81 123.86 158.27
277.80 126.02 159.14
278.38 125.70 156.84
278.10 125.10 155.63
277.18 125.56 155.29
277.86 124.05 155.79
279.23 125.11 154.59
279.95 124.38 154.94
278.40 124.57 153.57
277.95 125.67 152.83
277.75 125.35 151.81
276.83 126.64 153.24
275.69 126.80 152.50
275.35 126.04 151.82
275.14 127.98 152.56
275.92 128.68 153.49
275.92 130.04 153.95
275.17 130.98 153.65
276.93 130.34 154.83
277.26 131.30 154.88
277.67 129.39 155.45
278.67 129.81 156.16
279.21 130.46 155.62
279.25 129.01 156.42
277.64 128.11 155.11
276.84 127.80 154.05
280.05 126.37 154.07
279.70 126.64 155.07
279.26 126.36 152.76
279.91 125.98 151.98
278.82 127.30 152.45
280.18 127.79 154.26
280.45 129.03 153.22
279.98 128.93 151.81
280.10 130.24 153.99
282.00 128.89 153.09
282.80 129.75 153.82
282.48 129.71 154.87
283.82 129.39 153.76
282.71 131.21 153.34
282.42 131.82 154.19
284.04 131.52 152.94
284.18 131.39 151.53
284.58 132.33 151.14
284.99 130.20 151.09
284.57 129.55 149.94
284.07 130.13 149.19
284.52 128.19 149.88
283.62 127.57 148.83
284.19 127.26 147.95
283.13 126.70 149.26
282.83 128.27 148.55
285.13 127.38 150.92
285.20 126.15 150.95
285.71 128.10 151.93
286.05 127.59 152.73
285.71 129.47 152.07
286.35 129.93 153.01
281.81 131.64 152.17
280.87 131.11 151.98
282.72 131.21 151.05
282.46 130.16 150.91
282.50 131.68 150.09
281.36 132.93 152.47
281.78 134.20 151.71
283.26 134.20 151.72
280.97 135.31 152.26
281.24 133.82 150.24
282.00 133.96 149.05
281.25 133.99 148.26
282.61 133.09 148.81
282.94 135.16 148.95
283.92 134.92 149.38
283.00 135.32 147.53
282.12 136.38 147.20
282.49 136.86 146.30
280.71 135.92 146.98
280.52 135.16 145.86
281.37 134.64 145.45
279.31 135.15 145.24
279.17 134.61 144.32
278.30 135.95 145.82
277.94 136.95 145.11
277.79 137.69 145.79
278.62 137.14 144.39
278.39 136.50 146.98
279.57 136.45 147.64
279.55 136.96 148.74
282.40 136.45 149.58
281.38 136.27 149.91
282.37 137.31 148.34
283.37 137.70 148.14
281.62 138.10 148.43
283.08 136.96 150.73
284.14 138.14 150.74
285.18 137.71 149.79
284.52 138.48 152.13
283.33 139.46 150.18
283.45 140.10 148.89
283.21 141.14 149.06
282.68 139.77 148.19
284.81 140.00 148.17
284.98 139.00 147.78
284.74 140.96 147.10
285.33 142.17 147.53
286.18 142.42 146.90
284.37 143.32 147.49
283.01 143.25 147.33
282.55 142.61 146.60
282.36 143.91 148.26
283.41 144.43 149.03
283.51 144.84 150.41
282.65 144.98 151.28
284.82 144.97 150.84
284.96 144.88 151.84
285.88 144.99 150.01
287.05 144.68 150.50
287.70 144.41 149.78
287.09 144.16 151.37
285.82 144.80 148.70
284.57 144.40 148.31
285.89 140.42 149.17
285.56 140.22 150.19
285.77 141.90 148.99
286.70 142.40 149.27
285.00 142.22 149.69
287.23 139.93 149.18
287.89 138.92 148.11
287.18 138.90 146.83
288.52 137.71 148.69
289.11 139.93 147.97
288.93 141.27 147.58
289.89 141.72 147.81
288.23 141.80 148.23
288.54 141.53 146.12
287.46 141.47 145.99
289.11 142.79 145.75
290.46 142.61 145.33
290.67 143.29 144.50
291.40 142.92 146.49
291.13 143.78 147.54
290.46 144.62 147.44
291.57 143.36 148.70
292.19 142.14 148.36
292.52 140.95 149.12
292.51 140.74 150.33
292.82 139.87 148.31
292.56 138.97 148.68
293.12 139.99 147.00
292.93 138.95 146.24
292.80 139.22 145.28
292.32 138.23 146.59
293.06 141.13 146.31
292.39 142.10 147.00
289.16 140.48 145.22
289.43 139.60 145.80
290.44 141.15 144.79
290.58 141.12 143.71
291.17 140.48 145.24
288.43 139.90 144.18
287.13 140.48 143.48
287.00 141.96 143.56
285.96 139.58 143.45
288.04 140.11 142.24
288.86 141.05 141.61
289.87 140.65 141.64
288.88 142.01 142.13
288.38 141.20 140.15
288.22 142.25 139.94
289.49 140.64 139.46
289.23 139.26 139.30
289.45 139.13 138.24
290.11 138.30 140.08
291.17 137.97 139.28
292.03 138.62 139.27
290.95 137.01 138.34
291.64 136.84 137.54
289.70 136.31 138.45
288.85 136.42 137.47
287.91 136.43 137.84
289.09 137.08 136.75
289.04 136.25 139.58
289.46 137.13 140.53
289.32 136.86 141.71
287.13 140.32 139.80
286.51 140.19 140.68
287.73 139.01 139.40
287.39 138.69 138.42
287.39 138.28 140.14
286.18 140.47 138.77
286.32 141.32 137.46
285.24 140.88 136.56
287.73 141.28 137.01
285.95 142.75 138.07
285.26 142.89 139.31
285.98 143.16 140.08
284.76 141.97 139.62
284.12 143.88 139.24
283.31 143.39 138.71
283.67 144.25 140.53
284.44 145.36 140.95
283.81 145.99 141.57
285.57 144.82 141.78
285.19 144.38 143.02
284.46 143.58 143.10
285.69 145.01 144.11
285.37 144.73 145.10
286.65 146.02 143.86
286.25 147.21 144.17
286.59 147.82 143.43
285.28 147.23 144.42
287.25 146.19 142.71
286.84 145.40 141.68
287.55 145.30 140.69
284.50 145.17 138.53
285.42 145.04 137.95
284.77 146.16 139.67
284.16 147.06 139.61
285.80 146.51 139.63
283.40 145.24 137.64
