90.0421371460 154.1869354248 187.2332000732
82.4438018799 151.1172027588 181.4111938477
88.3546600342 160.1223449707 196.1199951172
86.9874267578 158.3498535156 193.5299987793
87.8313980103 157.4900054932 192.2487945557
87.4888229370 151.4440307617 189.8000030518
110.7288208008 182.3640289307 174.5099945068
86.0564727783 146.5212402344 184.8300018311
80.5413970947 150.7400054932 177.3287963867
89.0731964111 150.9545898438 184.6380004883
84.0951461792 152.5500030518 189.1730041504
81.2338027954 152.5471954346 186.7012023926
108.3788223267 178.4740295410 175.1999969482
88.7716903687 153.1773681641 190.3899993896
85.5997543335 153.6900024414 185.0700073242
85.7546615601 151.7723541260 189.2400054932
111.4416885376 185.2973632812 174.7400054932
90.3527908325 152.2489929199 187.3461914062
107.9238052368 183.3672027588 176.0511932373
116.8067092896 180.5897369385 169.3899993896
86.7552871704 148.5369262695 184.4739990234
83.1057586670 153.1059112549 189.3829956055
106.6427230835 185.2001037598 175.7889862061
108.6199951172 187.8852386475 171.0173950195
104.7579193115 183.5776214600 177.0869903564
83.1174240112 157.7398529053 192.2299957275
90.2392120361 149.5875854492 186.4981994629
105.5037994385 182.3972015381 177.5711975098
104.4813995361 190.6799926758 172.1587982178
116.8067092896 180.5897369385 169.3899993896
106.5940017700 180.8122100830 172.9300079346
113.9840774536 182.0028533936 175.4599914551
106.8251419067 179.6600036621 173.6630096436
82.1817626953 157.1668090820 189.4610137939
114.7597579956 174.9700012207 165.8500061035
82.9946594238 149.6123504639 185.8500061035
88.7174224854 161.9298553467 195.5599975586
88.2064743042 150.8312377930 187.7900085449
79.5386123657 154.9217681885 183.0759887695
87.1299972534 147.0552368164 181.0773925781
111.6874237061 184.8098602295 170.3600006104
80.4849929810 145.6469268799 180.8053894043
79.3313980103 152.1699981689 182.6188049316
81.1846618652 147.5523529053 181.4799957275
115.3033828735 172.6198577881 171.8526000977
90.1972198486 160.1353607178 192.6800079346
105.4640045166 187.6222076416 172.4499969482
116.5838012695 179.4571990967 170.2911987305
104.4813995361 190.6799926758 172.1587982178
86.9174270630 154.7898559570 185.0500030518
111.6174240112 182.6898651123 168.5200042725
87.2646636963 153.9623565674 193.4100036621
87.5008697510 155.0529785156 194.2500000000
110.6199951172 182.0552368164 168.9473876953
105.9297561646 184.8899993896 171.7799987793
114.8694000244 184.4725341797 174.5039978027
104.3186035156 182.8556213379 177.6076049805
102.3959579468 179.4188079834 175.4568023682
83.2986068726 151.6856231689 186.8876037598
85.2142944336 151.5840759277 176.7823944092
87.9992141724 145.7975921631 182.2281951904
87.3174209595 166.5998535156 196.0099945068
106.8382873535 181.0333862305 172.8759918213
89.1327896118 150.2389984131 188.4161987305
85.7546615601 151.7723541260 189.2400054932
81.2059555054 148.2687988281 178.6368103027
87.0442962646 151.3740692139 181.7523956299
111.3621368408 183.4069366455 173.6731872559
80.5413970947 150.7400054932 177.3287963867
110.0536499023 183.9478302002 171.1640014648
105.9289321899 184.4358215332 177.2819976807
84.9367065430 157.0497283936 194.3999938965
85.9536209106 166.7069854736 197.3295898438
94.5689468384 159.1581726074 190.7469940186
72.5934753418 137.4230499268 184.6260070801
88.2483901978 152.1479644775 183.5460052490
89.2572174072 155.9253540039 185.9800109863
83.0782623291 153.0072937012 180.9510040283
106.7739639282 186.9600067139 170.6338043213
107.4516601562 194.7793579102 172.6103973389
82.0797576904 153.4799957275 181.4100036621
93.5167617798 162.4020080566 192.3646087646
110.2655868530 179.5059051514 173.7890014648
108.1899948120 193.6552276611 169.3973999023
81.8719329834 153.8789825439 189.1980133057
84.0425872803 148.7400054932 175.7980041504
115.8431930542 181.8445892334 169.9179992676
86.6246643066 156.5423431396 194.0899963379
106.7537994385 182.6772003174 178.0612030029
108.5202941895 178.0998382568 176.5050048828
114.4214019775 175.9400024414 165.5588073730
86.4188232422 146.9440307617 178.4299926758
84.9337997437 150.8672027588 180.4111938477
89.1804733276 151.5769348145 187.8973999023
104.2899932861 181.0252380371 173.4673919678
85.5536499023 156.5878295898 187.2839965820
87.7074203491 156.3098602295 186.5400085449
80.1057586670 148.4959106445 179.0230102539
85.5688247681 150.7940216064 186.7799987793
89.9374237061 159.6898651123 189.9300079346
108.4967651367 182.5820159912 169.7145996094
105.4282608032 181.8872985840 177.8209991455
107.6549911499 194.4969177246 171.3153991699
114.7597579956 174.9700012207 165.8500061035
86.2521362305 147.4569396973 179.7631988525
113.1672210693 182.3053588867 167.9600067139
120.1174240112 167.8298645020 149.6399993896
82.5359573364 152.4387969971 190.6168060303
103.0686035156 182.5756225586 177.1175994873
87.1299972534 147.0552368164 181.0773925781
115.6967620850 177.5520172119 162.6346130371
87.0607223511 156.8866577148 188.3760070801
83.9251403809 154.1900024414 187.3529968262
106.7842941284 194.1340637207 170.9423980713
116.9967651367 178.5520172119 164.5846099854
90.7438125610 155.5884704590 190.5713958740
116.8216629028 180.2293548584 167.8704071045
109.1916885376 179.3073730469 174.3600006104
112.8986129761 184.0817718506 173.0759887695
117.0367126465 180.0297393799 166.8099975586
85.9520645142 151.2580413818 187.0620117188
84.9367065430 157.0497283936 194.3999938965
106.4016571045 184.3893585205 176.7004089355
80.2040786743 151.9528503418 187.5599975586
104.1282882690 178.6733856201 174.0959930420
83.7763061523 146.6486968994 177.6049957275
114.7697525024 180.0299987793 166.5400085449
110.9072189331 184.1153564453 172.8300018311
89.7672195435 159.0553588867 191.3500061035
85.0340805054 153.0828552246 185.4099884033
88.1716918945 150.0673675537 182.6800079346
83.2617645264 154.0467987061 178.9210052490
109.8189468384 191.9281768799 172.6369934082
83.1155853271 148.0259094238 185.3990020752
88.6474227905 160.5198669434 193.2400054932
113.0640792847 183.9828491211 172.0399932861
89.5121383667 153.1669311523 186.2231903076
90.1397552490 161.0399932861 193.4600067139
84.4940795898 156.9128417969 193.9099884033
91.4872207642 159.3053588867 189.3700103760
89.1804733276 151.5769348145 187.8973999023
114.0236206055 178.7769775391 165.8995971680
87.9640808105 153.6528472900 191.7899932861
87.9992141724 145.7975921631 182.2281951904
80.5079193115 152.8876190186 187.5370025635
104.6867065430 195.4297332764 171.5899963379
81.6179199219 151.3276214600 186.7269897461
105.6274261475 184.5498657227 171.5500030518
82.6279144287 149.9176177979 180.6470031738
113.5497970581 175.2857055664 171.3117980957
88.5908660889 161.2129669189 196.9599914551
90.1483917236 155.8379669189 188.2859954834
85.4607238770 153.0366516113 183.4560089111
75.5608673096 137.8829650879 184.8799896240
87.5008697510 155.0529785156 194.2500000000
88.1836242676 160.1469726562 192.6295928955
103.9908676147 185.4329681396 175.8699951172
82.7036209106 152.2069854736 177.6895904541
81.2059555054 145.0588073730 181.7268066406
103.0686035156 182.5756225586 177.1175994873
108.5202941895 178.0998382568 176.5050048828
110.7559585571 179.1688079834 170.9468078613
87.0252914429 148.7269287109 185.9540100098
85.1232757568 156.2980957031 187.2940063477
84.4594039917 157.3425292969 189.6740112305
74.9582595825 137.0572967529 185.4410095215
86.2721405029 145.2369384766 180.2631988525
105.2613983154 189.5599975586 171.5388031006
87.9992141724 145.7975921631 182.2281951904
108.5572204590 180.2253570557 173.5200042725
80.5002975464 150.9898376465 186.7250061035
79.1208648682 153.7329711914 187.0999908447
82.1732711792 154.2680969238 182.1239929199
116.5342941284 178.1540679932 164.9924011230
116.9967651367 178.5520172119 164.5846099854
89.1113967896 162.9700012207 195.9888000488
104.3186035156 182.8556213379 177.6076049805
88.4197540283 158.3800048828 191.0700073242
115.4552917480 179.9369201660 172.4640045166
87.6233901978 157.7898712158 191.6226043701
79.0957641602 149.9059143066 185.1029968262
89.6840820312 153.4328460693 189.7699890137
87.1197586060 153.7299957275 184.2100067139
109.3267135620 185.8697357178 176.3099975586
111.4416885376 185.2973632812 174.7400054932
83.2613983154 151.7899932861 181.9788055420
84.0951461792 152.5500030518 189.1730041504
108.5572204590 180.2253570557 173.5200042725
95.6399917603 161.8752288818 191.5973968506
81.8774261475 154.5398559570 182.2500000000
114.6813964844 179.0800018311 166.2088012695
109.6989440918 179.3081817627 175.2870025635
115.6967620850 177.5520172119 162.6346130371
78.4159545898 150.9588012695 184.8868103027
110.2038192749 186.7684783936 173.5213928223
110.5497589111 183.2400054932 168.5100097656
116.8197555542 183.8300018311 168.1100006104
83.6574249268 153.9098663330 183.7299957275
110.0538024902 184.1772003174 175.9411926270
111.5416870117 183.1973724365 173.6699981689
84.0640029907 149.1522064209 185.0100097656
109.5440826416 184.8128509521 177.1499938965
109.2584609985 188.1362915039 172.2697906494
110.9408645630 180.7429656982 172.4599914551
114.0557632446 173.1459045410 170.7830047607
110.2038192749 186.7684783936 173.5213928223
93.0827255249 161.3800964355 191.5589904785
108.0849914551 188.7269287109 172.9353942871
110.7288208008 182.3640289307 174.5099945068
80.1927261353 154.4201049805 186.3190002441
106.1516571045 195.1293487549 173.2104034424
89.7766799927 162.8800048828 195.0619964600
87.0733871460 150.3898620605 188.0326080322
79.8825836182 153.1199951172 181.6479949951
84.0425872803 148.7400054932 175.7980041504
88.1836242676 160.1469726562 192.6295928955
119.1199951172 178.0252380371 163.8173980713
82.6774215698 146.9398651123 178.0000000000
82.5986099243 155.2956237793 193.9976043701
103.4008636475 194.4829711914 172.1499938965
81.1125869751 152.8099975586 181.1679992676
80.1927261353 154.4201049805 186.3190002441
111.5607223511 184.2466583252 172.2560119629
84.4516601562 156.8193511963 191.7004089355
112.5846633911 179.3023529053 172.6999969482
89.6013946533 160.7599945068 193.7187957764
87.4118728638 148.3275299072 177.7019958496
85.5740814209 152.1028442383 187.3399963379
80.5002975464 150.9898376465 186.7250061035
115.2389297485 182.6758270264 175.9319915771
105.7274246216 185.9498596191 172.6199951172
87.0716857910 148.3973693848 181.9300079346
82.6279144287 149.9176177979 180.6470031738
105.4940795898 185.3228454590 176.1499938965
82.4751434326 155.6300048828 188.2430114746
91.7497558594 161.9600067139 194.9100036621
104.6867065430 195.4297332764 171.5899963379
111.6714019775 180.3800048828 168.6788024902
116.0240020752 183.7122039795 168.8099975586
81.0013961792 150.6600036621 182.3088073730
86.9174270630 154.7898559570 185.0500030518
83.1227874756 149.8190002441 186.1661987305
102.2357635498 182.1559143066 175.4629974365
108.7907333374 181.7899932861 169.7226104736
110.6199951172 182.0552368164 168.9473876953
82.7067108154 149.5897369385 181.7599945068
115.1682815552 175.1033782959 165.4459991455
114.2697525024 173.8800048828 169.6600036621
84.9367065430 157.0497283936 194.3999938965
81.8719329834 153.8789825439 189.1980133057
113.9408645630 174.2229766846 171.8999938965
91.9283905029 160.2779541016 194.6660003662
81.8182830811 148.7033843994 183.2160034180
84.1367111206 156.9597320557 188.4400024414
86.0389328003 149.1358337402 180.0820007324
108.4967651367 182.5820159912 169.7145996094
82.9908676147 157.0229644775 193.6299896240
105.2940063477 177.7522125244 174.0700073242
88.2174224854 159.4398651123 191.9100036621
110.6340789795 185.7728424072 176.1399993896
81.8951416016 151.6699981689 181.9430084229
113.1917648315 184.1768035889 171.8610076904
91.2182617188 160.0072937012 192.3710021973
84.6208648682 152.2229766846 193.8199920654
88.4672241211 154.4053497314 184.4900054932
116.1888198853 180.4740295410 171.9100036621
103.0551452637 183.2400054932 173.4329986572
111.4416885376 185.2973632812 174.7400054932
80.9982604980 152.2673034668 180.9710083008
89.6013946533 160.7599945068 193.7187957764
92.9182815552 155.8233795166 191.1660003662
88.2167663574 160.4120178223 197.2145996094
82.9038009644 151.0372009277 186.3912048340
89.7766799927 162.8800048828 195.0619964600
88.5908660889 161.2129669189 196.9599914551
110.3474273682 184.2998657227 169.3500061035
81.4208679199 148.6429748535 182.3199920654
87.8546600342 157.6323547363 192.4700012207
119.2925872803 165.1399993896 149.6080017090
80.7827911377 144.1990051270 181.9561920166
89.6013946533 160.7599945068 193.7187957764
110.5404739380 182.1369323730 173.4774017334
114.7697525024 180.0299987793 166.5400085449
119.4886093140 166.9256134033 153.4976043701
108.5202941895 178.0998382568 176.5050048828
83.2986068726 151.6856231689 186.8876037598
85.4049911499 147.2969207764 185.1853942871
90.0421371460 154.1869354248 187.2332000732
108.5202941895 178.0998382568 176.5050048828
113.1672210693 182.3053588867 167.9600067139
107.6236495972 184.3778228760 170.9739990234
87.5191268921 158.5158691406 196.8740081787
88.5113983154 158.4299926758 191.2687988281
108.1922073364 181.2598724365 173.5800018311
114.7051391602 184.4199981689 169.6230010986
83.0527877808 143.5189971924 182.8961944580
81.1817626953 153.3068084717 178.9410095215
81.9982604980 156.1273040771 191.4910125732
81.6179199219 151.3276214600 186.7269897461
114.1946640015 174.2223510742 167.2500000000
113.7686080933 184.2056121826 174.1175994873
85.5688247681 150.7940216064 186.7799987793
104.3186035156 182.8556213379 177.6076049805
78.3282623291 153.0473022461 187.1310119629
81.8774261475 154.5398559570 182.2500000000
81.8719329834 153.8789825439 189.1980133057
112.8647842407 178.2053222656 166.6410064697
114.3240814209 180.2828521729 173.8199920654
111.3767623901 178.8920135498 167.6446075439
74.7794036865 139.0325317383 183.6740112305
110.3242950439 186.0740661621 173.2924041748
114.8694000244 184.4725341797 174.5039978027
86.4116592407 152.3693542480 184.0204010010
109.5272216797 185.6253509521 171.1100006104
111.8967666626 181.3120117188 167.0246124268
112.0459518433 179.0888061523 171.7468109131
83.1659545898 151.4788055420 192.5468139648
109.3547821045 179.3253173828 171.8710021973
90.1397552490 161.0399932861 193.4600067139
83.1779174805 152.1076202393 181.3769989014
112.5846633911 179.3023529053 172.6999969482
114.4214019775 175.9400024414 165.5588073730
85.9520645142 151.2580413818 187.0620117188
114.3536224365 180.7969818115 167.5695953369
92.1216888428 160.7973632812 194.5800018311
106.0897521973 182.0200042725 172.3700103760
83.3287506104 145.2960052490 183.6385955811
114.2697525024 173.8800048828 169.6600036621
115.1988220215 178.4840240479 171.8000030518
81.1872177124 154.7453613281 182.5700073242
88.8672180176 166.2153472900 195.4499969482
102.8497543335 193.0099945068 171.0100097656
107.4516601562 194.7793579102 172.6103973389
117.4542999268 179.2340698242 165.6024017334
111.8967666626 181.3120117188 167.0246124268
115.3174209595 185.9798583984 169.0899963379
114.4117584229 185.9568023682 170.8410034180
92.1216888428 160.7973632812 194.5800018311
80.6240768433 153.6228485107 187.3799896240
111.8432998657 182.8726959229 173.3480072021
110.0452880859 182.0569305420 175.0339965820
116.0240020752 183.7122039795 168.8099975586
107.4516601562 194.7793579102 172.6103973389
111.5416870117 183.1973724365 173.6699981689
107.9487457275 180.6759948730 171.8086090088
113.5074234009 178.4998626709 166.1199951172
110.8072204590 186.2153472900 173.9000091553
112.8208694458 180.3929748535 173.5399932861
85.5089721680 153.4892578125 178.1089935303
106.4989700317 180.8092651367 173.8689880371
116.2502975464 180.8398284912 175.4049987793
83.1659545898 151.4788055420 192.5468139648
81.1274261475 148.2698669434 179.5599975586
84.9367065430 157.0497283936 194.3999938965
108.7739639282 181.1300048828 168.5637969971
92.6886062622 160.3456115723 194.5476074219
87.0442962646 151.3740692139 181.7523956299
106.4097518921 189.8399963379 171.6000061035
82.7036209106 152.2069854736 177.6895904541
106.6427230835 185.2001037598 175.7889862061
92.8936233521 161.5069732666 192.2796020508
94.5689468384 159.1581726074 190.7469940186
84.9427261353 154.3800964355 180.1389923096
110.3516921997 184.3373718262 175.7500000000
82.1213989258 149.4799957275 176.3688049316
110.9408645630 180.7429656982 172.4599914551
112.8647842407 178.2053222656 166.6410064697
82.6146621704 154.9223480225 188.1600036621
92.2094039917 160.8225402832 191.7140045166
116.0240020752 183.7122039795 168.8099975586
88.1438064575 153.8871917725 191.5012054443
112.3447799683 175.7853240967 167.2610015869
86.8540802002 149.7628479004 186.5999908447
105.2940063477 177.7522125244 174.0700073242
85.4049911499 147.2969207764 185.1853942871
114.8751449585 174.2299957275 168.7530059814
116.9967651367 178.5520172119 164.5846099854
80.9982604980 152.2673034668 180.9710083008
85.4674224854 156.5098571777 189.3099975586
112.2819290161 181.0089874268 174.0279998779
103.9325866699 184.0399932861 172.9980010986
109.4892120361 186.6275939941 172.1681976318
88.2167663574 160.4120178223 197.2145996094
91.5763092041 156.0587005615 191.0749969482
90.5899963379 152.8552246094 184.2773895264
106.0782852173 187.6033782959 172.4459991455
106.8382873535 181.0333862305 172.8759918213
83.5308685303 153.1929779053 185.1299896240
83.0451431274 148.3999938965 176.7929992676
86.8240051270 151.3122100830 188.4000091553
104.7579193115 183.5776214600 177.0869903564
115.4440765381 174.1128540039 172.1799926758
90.1397552490 158.6300048828 189.0900115967
104.3197555542 185.0899963379 173.6300048828
88.2167663574 160.4120178223 197.2145996094
109.0288238525 179.1440277100 176.5500030518
92.4263076782 157.7586975098 189.9349975586
91.2182617188 160.0072937012 192.3710021973
108.7739639282 181.1300048828 168.5637969971
116.2316589355 181.1693572998 168.9304046631
86.7816619873 156.6893615723 189.7203979492
80.8591308594 145.1258544922 180.4239959717
114.3513946533 177.0599975586 164.5388031006
85.9736251831 155.2769775391 185.7695922852
116.8197555542 183.8300018311 168.1100006104
81.8951416016 151.6699981689 181.9430084229
103.0551452637 183.2400054932 173.4329986572
110.6288223267 184.4640197754 175.5800018311
81.2338027954 152.5471954346 186.7012023926
82.0920639038 145.7380523682 182.9520111084
85.7757644653 162.7559051514 197.6329956055
81.6563034058 147.8287048340 177.8050079346
88.8989715576 166.9092559814 195.8889923096
82.5986099243 155.2956237793 193.9976043701
86.0116882324 144.5973663330 180.8200073242
89.9164733887 153.5612487793 190.4700012207
91.8267135620 159.8597412109 194.3999938965
104.5451431274 179.8300018311 173.4629974365
81.9859542847 153.5187988281 191.2468109131
78.7233886719 144.3498687744 181.5726013184
84.8613967896 150.2799987793 181.2987976074
84.6672210693 157.3553466797 191.6699981689
112.7638015747 183.2872009277 172.5811920166
106.9579162598 183.6676177979 177.0069885254
90.5825881958 158.6300048828 188.8580017090
86.2721405029 145.2369384766 180.2631988525
113.5652923584 178.6369323730 171.8540039062
84.9367065430 157.0497283936 194.3999938965
92.0536270142 160.8069763184 191.3495941162
107.7140045166 178.3422088623 173.8000030518
83.3197937012 144.5057067871 184.8018035889
74.7794036865 139.0325317383 183.6740112305
87.4221343994 148.5669403076 182.7531890869
105.6274261475 184.5498657227 171.5500030518
87.8313980103 157.4900054932 192.2487945557
116.7721405029 181.2869262695 171.1031951904
110.9408645630 180.7429656982 172.4599914551
109.5420608521 179.9903869629 170.5570068359
75.5608673096 137.8829650879 184.8799896240
79.0957641602 149.9059143066 185.1029968262
88.3421401978 150.0769348145 184.5932006836
113.4849929810 181.6269226074 168.1753997803
106.7842941284 194.1340637207 170.9423980713
83.1089324951 153.2058258057 185.4519958496
90.0549926758 153.6969146729 186.1953887939
107.8866806030 183.0000000000 169.8820037842
89.1016921997 153.4873657227 185.3300018311
113.0640792847 183.9828491211 172.0399932861
86.6331939697 146.3745880127 179.8079986572
88.5113983154 158.4299926758 191.2687988281
108.1922073364 181.2598724365 173.5800018311
112.4286041260 180.8556213379 173.1076049805
85.9616851807 155.5173645020 193.8399963379
82.7286071777 152.3456115723 185.6076049805
115.0183868408 183.0379638672 168.8260040283
105.5037994385 182.3972015381 177.5711975098
88.7174224854 161.9298553467 195.5599975586
115.5197525024 184.9199981689 168.2500000000
89.8572235107 153.8753509521 187.5299987793
107.8866806030 183.0000000000 169.8820037842
84.6343002319 146.1940765381 177.5923919678
82.9774246216 156.7298583984 187.6000061035
85.1146621704 148.7823486328 185.4799957275
89.8067092896 160.7497406006 194.0800018311
93.0827255249 161.3800964355 191.5589904785
106.7537994385 182.6772003174 178.0612030029
104.2246627808 178.2123565674 174.9100036621
103.4946594238 190.1123504639 173.6199951172
81.6557617188 154.5459136963 190.2730102539
116.1721343994 179.9069366455 171.2931976318
87.2316894531 147.7773742676 177.5899963379
89.1804733276 151.5769348145 187.8973999023
83.6840057373 154.4622039795 187.3200073242
81.8951416016 151.6699981689 181.9430084229
86.6689453125 153.3681793213 192.8470001221
85.1146621704 148.7823486328 185.4799957275
81.5139617920 149.5000000000 182.7138061523
119.7817611694 168.7667999268 150.3510131836
111.7213973999 181.7500000000 167.9488067627
90.7892150879 156.9875946045 190.0881958008
88.1352920532 151.7669219971 190.5940093994
116.7721405029 181.2869262695 171.1031951904
105.2767105103 186.3797302246 175.3099975586
88.4842987061 154.6540679932 184.8623962402
90.5899963379 152.8552246094 184.2773895264
81.2059555054 145.0588073730 181.7268066406
104.1798019409 191.1167449951 170.4799957275
89.2736206055 162.4769744873 195.0795898438
84.0616912842 153.2373657227 182.5299987793
91.6951446533 159.5099945068 189.1230010986
87.2389450073 149.6881713867 177.6770019531
105.6132736206 194.3180999756 170.0039978027
103.9908676147 185.4329681396 175.8699951172
111.8492584229 180.3291931152 167.9542083740
109.5388259888 183.5040283203 176.5899963379
87.0733871460 150.3898620605 188.0326080322
113.2555847168 175.9659118652 169.1790008545
92.4263076782 157.7586975098 189.9349975586
83.7763061523 146.6486968994 177.6049957275
112.4116592407 184.9993591309 171.2203979492
89.1016921997 153.4873657227 185.3300018311
114.0782623291 182.8972930908 175.8110046387
111.5866775513 179.1999969482 168.3320007324
78.7008666992 152.0629730225 187.2799987793
81.6563034058 147.8287048340 177.8050079346
112.5846633911 179.3023529053 172.6999969482
116.0240020752 183.7122039795 168.8099975586
82.6382598877 156.3072967529 194.5810089111
80.8059539795 146.2788085938 180.9168090820
105.2767105103 186.3797302246 175.3099975586
83.3287506104 145.2960052490 183.6385955811
87.2120590210 157.0980529785 195.7820129395
80.9933853149 143.6698608398 182.5126037598
80.5002975464 150.9898376465 186.7250061035
82.9946594238 149.6123504639 185.8500061035
84.2166824341 151.3600006104 181.2720031738
107.4516601562 194.7793579102 172.6103973389
111.5416870117 183.1973724365 173.6699981689
106.7842941284 194.1340637207 170.9423980713
85.9747848511 144.4753265381 181.4609985352
83.1057586670 153.1059112549 189.3829956055
83.8627243042 157.5001068115 190.6790008545
86.6267089844 156.7397308350 190.1499938965
110.9072189331 184.1153564453 172.8300018311
109.5272216797 185.6253509521 171.1100006104
115.7443008423 182.7740631104 169.7424011230
86.0389328003 149.1358337402 180.0820007324
89.8572235107 153.8753509521 187.5299987793
114.6586074829 183.6456146240 175.0075988770
103.3734741211 184.6230468750 176.8059997559
103.7297515869 194.1399993896 169.9100036621
104.7579193115 183.5776214600 177.0869903564
101.6697921753 179.0757141113 175.0018005371
81.7213973999 147.4900054932 178.6488037109
108.6199951172 187.8852386475 171.0173950195
88.7592620850 159.8992004395 196.0142059326
85.0346603394 152.9423522949 186.4700012207
113.5652923584 178.6369323730 171.8540039062
105.2940063477 177.7522125244 174.0700073242
79.9297561646 150.8300018311 178.5100097656
87.5459518433 153.9087982178 193.4168090820
86.8540802002 149.7628479004 186.5999908447
87.1467132568 151.5997314453 183.2400054932
107.9997940063 180.1057128906 170.4817962646
114.0557632446 173.1459045410 170.7830047607
105.0686035156 180.7656250000 177.4676055908
80.8867111206 152.1197357178 180.1900024414
83.2757644653 151.4659118652 191.2030029297
113.8926391602 177.1468048096 169.6230010986
89.5136489868 164.2578277588 196.1539916992
80.7686157227 154.6117706299 182.5959930420
87.7967681885 158.7720184326 189.7046051025
85.7902984619 150.9898376465 192.0149993896
78.7233886719 144.3498687744 181.5726013184
88.0739669800 157.3200073242 188.5538024902
78.4159545898 150.9588012695 184.8868103027
73.1174240112 138.8398590088 183.0000000000
102.3619308472 191.8989868164 171.9080047607
83.9536514282 152.7378234863 182.3639984131
92.6886062622 160.3456115723 194.5476074219
80.1057586670 148.4959106445 179.0230102539
87.8849945068 157.3869171143 191.9953918457
82.2159576416 153.5288085938 192.6368103027
83.0451431274 148.3999938965 176.7929992676
81.6557617188 154.5459136963 190.2730102539
91.4398040771 156.5767517090 189.8099975586
84.1974258423 152.9298553467 185.6600036621
74.7794036865 139.0325317383 183.6740112305
86.0389328003 149.1358337402 180.0820007324
118.4874267578 166.1398620605 151.0000000000
91.8267135620 159.8597412109 194.3999938965
82.8325881958 155.1499938965 186.8180084229
102.5208663940 193.3529663086 173.2500000000
109.6383895874 183.8779602051 170.2460021973
103.3540039062 191.8022003174 171.5700073242
81.1817626953 153.3068084717 178.9410095215
82.2736206055 153.3569793701 178.3695983887
84.0640029907 149.1522064209 185.0100097656
104.2246627808 178.2123565674 174.9100036621
89.5136489868 164.2578277588 196.1539916992
104.0597534180 190.8600006104 172.2200012207
86.2336502075 152.6478271484 184.2740020752
83.2613983154 151.7899932861 181.9788055420
103.0686035156 182.5756225586 177.1175994873
104.1282882690 178.6733856201 174.0959930420
80.9251403809 149.5800018311 176.9930114746
80.8867111206 152.1197357178 180.1900024414
86.5972213745 148.6953582764 176.7500000000
103.3225860596 193.1699981689 169.5279998779
105.6736221313 185.6469726562 172.1195983887
82.9646606445 148.3823547363 182.9100036621
110.0352859497 183.2369232178 176.0140075684
83.9536514282 152.7378234863 182.3639984131
111.6174240112 182.6898651123 168.5200042725
110.6288223267 184.4640197754 175.5800018311
79.6008682251 151.1729736328 180.7500000000
81.7213973999 147.4900054932 178.6488037109
85.3272171021 156.4353485107 193.0000000000
84.4516601562 156.8193511963 191.7004089355
113.4359512329 175.8488006592 166.8068084717
111.8967666626 181.3120117188 167.0246124268
107.6086044312 185.5356140137 176.4676055908
87.0442962646 151.3740692139 181.7523956299
89.1327896118 150.2389984131 188.4161987305
116.8197555542 183.8300018311 168.1100006104
115.0183868408 183.0379638672 168.8260040283
110.8072204590 186.2153472900 173.9000091553
87.1131973267 147.6045837402 183.7379913330
105.9013977051 192.6900024414 169.8887939453
82.5359573364 152.4387969971 190.6168060303
115.3772201538 180.2353515625 170.1200103760
83.3074264526 153.9898529053 179.9700012207
80.0086059570 151.2956237793 180.9575958252
89.3849945068 159.0869293213 190.8553924561
86.6517639160 167.4667968750 196.7010040283
112.6074218750 182.8298645020 173.7799987793
86.9874267578 158.3498535156 193.5299987793
87.2316894531 147.7773742676 177.5899963379
82.4751434326 155.6300048828 188.2430114746
81.3008651733 145.9829711914 182.6699981689
84.7842941284 152.7340698242 177.4624023438
85.4607238770 153.0366516113 183.4560089111
85.5089721680 153.4892578125 178.1089935303
87.4221343994 148.5669403076 182.7531890869
81.5886077881 146.8256225586 183.0876007080
104.6867065430 195.4297332764 171.5899963379
102.5782623291 183.7373046875 176.6809997559
113.2555847168 175.9659118652 169.1790008545
79.0957641602 149.9059143066 185.1029968262
87.9588241577 152.3440246582 191.2299957275
89.1327896118 150.2389984131 188.4161987305
82.6013946533 151.6399993896 177.0088043213
102.9836273193 182.3469848633 174.5495910645
88.7592620850 159.8992004395 196.0142059326
86.1897583008 150.3099975586 181.5600128174
106.6427230835 185.2001037598 175.7889862061
86.0482864380 152.6433868408 187.9059906006
80.7827911377 144.1990051270 181.9561920166
88.1836242676 160.1469726562 192.6295928955
111.3792114258 180.6475830078 172.6381988525
113.7686080933 184.2056121826 174.1175994873
78.3997955322 142.8557128906 180.4217987061
81.9982604980 156.1273040771 191.4910125732
84.4940795898 156.9128417969 193.9099884033
116.2502975464 180.8398284912 175.4049987793
104.3197555542 185.0899963379 173.6300048828
81.3297576904 147.2100067139 178.7200012207
85.9204788208 146.7569427490 185.3073883057
114.6586074829 183.6456146240 175.0075988770
103.3225860596 193.1699981689 169.5279998779
81.3297576904 147.2100067139 178.7200012207
88.8989715576 166.9092559814 195.8889923096
91.7497558594 161.9600067139 194.9100036621
112.4808654785 182.1129760742 175.1799926758
112.6074218750 182.8298645020 173.7799987793
113.4359512329 175.8488006592 166.8068084717
85.1232757568 156.2980957031 187.2940063477
111.3087463379 177.6360015869 168.7886047363
115.9327926636 176.6289978027 172.8461914062
107.5037994385 180.5872039795 177.9212036133
95.6399917603 161.8752288818 191.5973968506
110.1616897583 184.7073669434 171.9499969482
115.5197525024 184.9199981689 168.2500000000
112.8467102051 185.0397338867 171.1999969482
109.2584609985 188.1362915039 172.2697906494
116.0797576904 178.7400054932 165.1300048828
88.4197540283 158.3800048828 191.0700073242
115.8431930542 181.8445892334 169.9179992676
119.6936264038 168.0869750977 151.2295989990
112.6074218750 182.8298645020 173.7799987793
89.6013946533 160.7599945068 193.7187957764
80.6463088989 149.2387084961 183.8849945068
83.1808700562 153.2729644775 181.3699951172
83.3074264526 153.9898529053 179.9700012207
114.6586074829 183.6456146240 175.0075988770
89.7672195435 159.0553588867 191.3500061035
86.8608703613 157.6329650879 194.9299926758
85.3016891479 156.4373626709 192.5099945068
84.6840820312 153.1628417969 181.6499938965
83.3274230957 150.1898651123 182.3500061035
115.9739608765 176.1000061035 161.4838104248
115.7443008423 182.7740631104 169.7424011230
82.9774246216 156.7298583984 187.6000061035
86.8092117310 145.1975860596 184.4181976318
80.4849929810 145.6469268799 180.8053894043
78.3282623291 153.0473022461 187.1310119629
82.4438018799 151.1172027588 181.4111938477
108.3788223267 178.4740295410 175.1999969482
114.3240814209 180.2828521729 173.8199920654
83.6806945801 146.9210357666 184.8901977539
117.0367126465 180.0297393799 166.8099975586
86.6517639160 167.4667968750 196.7010040283
112.2819290161 181.0089874268 174.0279998779
87.0607223511 156.8866577148 188.3760070801
75.5608673096 137.8829650879 184.8799896240
105.1372222900 193.0553588867 169.9400024414
104.1174240112 186.1498565674 174.4700012207
89.6442947388 155.1240692139 187.1723937988
84.9427261353 154.3800964355 180.1389923096
111.5067138672 184.5297393799 170.1900024414
108.6740036011 190.8722076416 171.8500061035
119.6936264038 168.0869750977 151.2295989990
107.6236495972 184.3778228760 170.9739990234
84.6840820312 153.1628417969 181.6499938965
89.3552856445 152.2869262695 189.8939971924
85.2072219849 153.5253601074 183.1699981689
106.4087524414 186.0160064697 173.9385986328
115.1988220215 178.4840240479 171.8000030518
90.5899963379 152.8552246094 184.2773895264
114.0557632446 173.1459045410 170.7830047607
88.9197540283 160.8699951172 194.7200012207
113.4146575928 175.2823486328 168.4499969482
84.8667068481 149.8997344971 181.0200042725
88.2167663574 160.4120178223 197.2145996094
85.2579193115 152.8476104736 181.3569946289
85.9616851807 155.5173645020 193.8399963379
111.3621368408 183.4069366455 173.6731872559
112.2446594238 181.0223541260 174.3399963379
111.5416870117 183.1973724365 173.6699981689
88.3340072632 153.5022125244 192.5700073242
88.3546600342 160.1223449707 196.1199951172
81.9982604980 156.1273040771 191.4910125732
110.7046585083 179.6523437500 171.6199951172
85.9520645142 151.2580413818 187.0620117188
86.4188232422 146.9440307617 178.4299926758
115.8774261475 179.7998657227 165.9700012207
87.9992141724 145.7975921631 182.2281951904
86.4116592407 152.3693542480 184.0204010010
88.7716903687 153.1773681641 190.3899993896
110.0438003540 185.3571929932 176.9212036133
109.1367111206 186.2397308350 172.5099945068
107.4952850342 178.4669342041 177.0140075684
86.2813949585 164.9900054932 195.9687957764
81.5139617920 149.5000000000 182.7138061523
81.9982604980 156.1273040771 191.4910125732
86.0389328003 149.1358337402 180.0820007324
88.2174224854 159.4398651123 191.9100036621
82.7036209106 152.2069854736 177.6895904541
86.4116592407 152.3693542480 184.0204010010
81.1872177124 154.7453613281 182.5700073242
107.5563049316 177.9087066650 174.4750061035
114.8552856445 178.5569305420 172.6540069580
112.1739654541 179.8600006104 165.8738098145
81.1274261475 148.2698669434 179.5599975586
90.5899963379 152.8552246094 184.2773895264
86.7816925049 152.0073699951 179.2700042725
81.5093994141 155.3125305176 184.5039978027
112.1507339478 178.7500000000 166.7026062012
102.2846603394 192.2623443604 172.4100036621
107.1736221313 185.7169799805 171.8295898438
85.5688247681 150.7940216064 186.7799987793
84.8982849121 150.7333831787 191.1860046387
106.2402954102 178.2698364258 176.3049926758
85.7027893066 145.8489990234 186.3361968994
85.7338027954 151.5072021484 187.3412017822
88.2167663574 160.4120178223 197.2145996094
84.0640029907 149.1522064209 185.0100097656
88.8672180176 166.2153472900 195.4499969482
86.7552871704 148.5369262695 184.4739990234
86.9451446533 165.9299926758 195.4830017090
84.1367111206 156.9597320557 188.4400024414
82.7036209106 152.2069854736 177.6895904541
91.4592132568 151.5975799561 185.4281921387
81.1817626953 153.3068084717 178.9410095215
92.8936233521 161.5069732666 192.2796020508
86.8240051270 151.3122100830 188.4000091553
107.6002960205 179.8298339844 177.4149932861
103.3114013672 180.6300048828 173.1887969971
116.4416580200 177.6793518066 171.1304016113
104.2940063477 191.1722106934 170.2200012207
109.4892120361 186.6275939941 172.1681976318
90.7438125610 155.5884704590 190.5713958740
114.4214019775 175.9400024414 165.5588073730
110.6199951172 182.0552368164 168.9473876953
115.2389297485 182.6758270264 175.9319915771
85.7567138672 153.5397338867 179.8300018311
88.2167663574 160.4120178223 197.2145996094
82.9946594238 149.6123504639 185.8500061035
84.6840820312 153.1628417969 181.6499938965
87.3143005371 151.5640716553 183.2324066162
113.4146575928 175.2823486328 168.4499969482
87.2316894531 147.7773742676 177.5899963379
86.0633010864 148.2226867676 185.5579986572
81.1872177124 154.7453613281 182.5700073242
110.2655868530 179.5059051514 173.7890014648
102.2357635498 182.1559143066 175.4629974365
117.8199920654 177.0252380371 161.8674011230
117.8199920654 177.0252380371 161.8674011230
89.8572235107 153.8753509521 187.5299987793
88.4842987061 154.6540679932 184.8623962402
79.5108642578 154.4129791260 184.5299987793
82.9240798950 148.5328521729 182.5999908447
110.6340789795 185.7728424072 176.1399993896
85.9126434326 144.8068084717 184.4729919434
84.8982849121 150.7333831787 191.1860046387
107.1520614624 182.0280456543 171.7020111084
87.3588256836 149.2340240479 183.5200042725
110.8797912598 176.4157104492 168.4118041992
85.6955871582 144.0559082031 185.5690002441
110.5336227417 184.6269836426 169.8595886230
85.3272171021 156.4353485107 193.0000000000
113.0640792847 183.9828491211 172.0399932861
80.1482849121 150.2133789062 183.5260009766
86.8855895996 144.6559143066 183.3789978027
81.9859542847 153.5187988281 191.2468109131
116.1888198853 180.4740295410 171.9100036621
116.0797576904 178.7400054932 165.1300048828
88.0240020752 164.3321990967 195.7299957275
109.5440826416 184.8128509521 177.1499938965
104.3197555542 185.0899963379 173.6300048828
102.1667633057 181.5520172119 174.2346038818
88.1716918945 150.0673675537 182.6800079346
86.9689483643 152.1981811523 190.7969970703
115.1682815552 175.1033782959 165.4459991455
116.8216629028 180.2293548584 167.8704071045
79.5386123657 154.9217681885 183.0759887695
87.5008697510 155.0529785156 194.2500000000
85.5089721680 153.4892578125 178.1089935303
82.4751434326 155.6300048828 188.2430114746
110.9408645630 180.7429656982 172.4599914551
83.0367126465 154.7697296143 183.0899963379
80.4849929810 145.6469268799 180.8053894043
116.8197555542 183.8300018311 168.1100006104
107.8866806030 183.0000000000 169.8820037842
113.1917648315 184.1768035889 171.8610076904
116.8197555542 183.8300018311 168.1100006104
83.0527877808 143.5189971924 182.8961944580
84.5916595459 149.9393615723 180.6704101562
83.2986068726 151.6856231689 186.8876037598
81.5474243164 149.3598632812 180.9199981689
88.2167663574 160.4120178223 197.2145996094
105.2613983154 189.5599975586 171.5388031006
103.3114013672 180.6300048828 173.1887969971
108.5202941895 178.0998382568 176.5050048828
109.5272216797 185.6253509521 171.1100006104
86.4372177124 149.3153533936 181.0900115967
80.9982604980 152.2673034668 180.9710083008
113.8733901978 176.7798614502 172.4626007080
111.3521347046 184.5869293213 174.6531982422
81.8719329834 153.8789825439 189.1980133057
87.2389450073 149.6881713867 177.6770019531
87.0607223511 156.8866577148 188.3760070801
112.3447799683 175.7853240967 167.2610015869
114.3536224365 180.7969818115 167.5695953369
104.3186035156 182.8556213379 177.6076049805
107.6236495972 184.3778228760 170.9739990234
113.0082626343 183.1372985840 173.8910064697
115.8431930542 181.8445892334 169.9179992676
83.3274230957 150.1898651123 182.3500061035
105.6274261475 184.5498657227 171.5500030518
108.3327255249 194.1501007080 173.4489898682
81.1886062622 148.0456237793 182.2776031494
84.1091308594 148.3658599854 185.1940002441
88.8672180176 166.2153472900 195.4499969482
82.7394027710 155.0025329590 184.0240020752
118.1684570312 177.1762847900 163.2097930908
83.1797561646 155.6699981689 186.7600097656
86.9159545898 156.2788085938 194.5167999268
103.5886154175 185.8417663574 174.4259948730
84.1091308594 148.3658599854 185.1940002441
81.8774261475 154.5398559570 182.2500000000
81.0236511230 146.0578155518 178.6039886475
90.1397552490 161.0399932861 193.4600067139
79.6259536743 149.5288085938 179.5968017578
109.6842956543 185.0940704346 170.9223937988
109.3267135620 185.8697357178 176.3099975586
87.4118728638 148.3275299072 177.7019958496
108.4967651367 182.5820159912 169.7145996094
115.9327926636 176.6289978027 172.8461914062
87.5459518433 153.9087982178 193.4168090820
82.4438018799 151.1172027588 181.4111938477
109.0340805054 180.4528503418 177.1100006104
107.2927246094 183.2601013184 177.0089874268
85.0340805054 153.0828552246 185.4099884033
120.3197555542 166.7700042725 148.8000030518
82.4886169434 156.9517669678 188.2460021973
110.6340789795 185.7728424072 176.1399993896
87.7967681885 158.7720184326 189.7046051025
81.7213973999 147.4900054932 178.6488037109
114.6586074829 183.6456146240 175.0075988770
111.5866775513 179.1999969482 168.3320007324
114.5674209595 181.0898590088 167.3800048828
79.7274246216 151.8898620605 179.3500061035
115.1682815552 175.1033782959 165.4459991455
91.4816589355 159.9693603516 194.0204010010
113.7097549438 177.4400024414 165.2799987793
89.7984542847 156.9562835693 189.3197937012
81.1274261475 148.2698669434 179.5599975586
107.8897933960 179.9557037354 173.0218048096
74.7794036865 139.0325317383 183.6740112305
111.8972244263 183.9153594971 168.7900085449
114.5674209595 181.0898590088 167.3800048828
113.9408645630 174.2229766846 171.8999938965
80.1988220215 150.6440277100 187.0000000000
87.0716857910 148.3973693848 181.9300079346
80.6240768433 153.6228485107 187.3799896240
114.9797897339 171.1257019043 170.7017974854
106.7537994385 182.6772003174 178.0612030029
84.0152893066 144.5269317627 182.6340026855
83.1089324951 153.2058258057 185.4519958496
112.2819290161 181.0089874268 174.0279998779
115.6349945068 178.0769195557 171.6953887939
104.4813995361 190.6799926758 172.1587982178
111.6174240112 182.6898651123 168.5200042725
104.5451431274 179.8300018311 173.4629974365
110.0536499023 183.9478302002 171.1640014648
86.8092117310 145.1975860596 184.4181976318
109.5172195435 192.7553558350 171.5700073242
89.0731964111 150.9545898438 184.6380004883
116.4416580200 177.6793518066 171.1304016113
94.5643005371 160.1840667725 190.4423980713
84.7847824097 143.8753204346 183.6510009766
106.3439636230 192.7299957275 169.0138092041
88.4842987061 154.6540679932 184.8623962402
90.4916915894 152.9573669434 188.3699951172
106.8251419067 179.6600036621 173.6630096436
115.4552917480 179.9369201660 172.4640045166
114.3188247681 178.9740295410 173.2599945068
105.9013977051 192.6900024414 169.8887939453
82.3991317749 147.1558685303 184.0440063477
81.1817626953 153.3068084717 178.9410095215
78.7008666992 152.0629730225 187.2799987793
81.7213973999 147.4900054932 178.6488037109
90.3838119507 150.8684692383 185.8114013672
86.8488235474 148.4540252686 186.0399932861
90.1397552490 158.6300048828 189.0900115967
114.7051391602 184.4199981689 169.6230010986
103.0551452637 183.2400054932 173.4329986572
83.3274230957 150.1898651123 182.3500061035
113.1064682007 177.8012390137 170.8800048828
86.2813949585 164.9900054932 195.9687957764
89.1327896118 150.2389984131 188.4161987305
106.4016571045 184.3893585205 176.7004089355
109.0288238525 179.1440277100 176.5500030518
111.3621368408 183.4069366455 173.6731872559
86.7497940063 148.8957061768 186.8818054199
89.6788253784 152.1240234375 189.2099914551
106.4087524414 186.0160064697 173.9385986328
89.5016860962 165.2973632812 196.2899932861
86.4372177124 149.3153533936 181.0900115967
