74.11 135.19 178.68
74.64 135.74 179.88
74.46 136.81 179.80
74.03 135.31 181.19
73.50 136.37 181.88
72.69 136.93 181.45
74.19 136.84 182.96
73.93 137.78 183.42
75.32 136.06 183.36
76.32 136.56 184.02
77.08 135.89 184.02
76.50 137.54 183.90
75.49 134.82 183.01
74.70 134.37 181.99
74.52 133.17 181.87
76.15 135.62 179.79
76.66 135.26 180.69
76.50 136.64 179.60
79.63 138.30 177.78
79.28 139.77 176.30
76.98 138.74 176.85
77.14 140.23 175.33
77.73 141.64 176.02
76.78 142.72 175.66
77.92 141.31 177.44
79.20 142.18 175.44
80.51 141.57 175.46
81.16 142.26 174.91
81.32 141.18 176.73
80.85 140.39 177.31
83.58 141.54 176.32
84.50 140.96 176.29
83.77 142.78 175.48
83.23 144.05 175.62
82.18 144.25 175.79
84.13 145.00 175.65
85.32 144.31 175.49
86.70 144.61 175.76
87.23 145.65 176.17
87.54 143.53 175.63
88.44 143.62 176.07
87.15 142.36 175.05
85.92 142.06 174.72
85.04 143.03 175.03
81.84 142.24 177.73
81.61 143.23 177.34
83.33 141.89 177.76
83.51 141.02 178.40
84.00 142.69 178.07
81.41 142.16 179.07
81.41 143.48 180.02
82.28 143.20 181.17
80.01 143.88 180.23
82.08 144.68 179.15
83.44 145.10 179.18
84.16 144.36 178.84
83.49 145.88 178.42
84.05 145.63 180.49
84.64 144.84 180.96
84.85 146.69 179.99
84.03 147.85 179.99
84.52 148.61 180.60
83.93 148.40 178.62
85.08 148.74 177.94
85.86 148.02 177.73
85.25 150.04 177.88
84.02 150.49 178.37
83.59 151.64 179.05
84.44 152.51 179.53
84.12 152.93 180.39
85.41 152.25 179.41
82.36 151.77 179.55
81.53 150.74 179.37
80.54 150.83 179.77
81.81 149.58 178.82
83.11 149.48 178.41
83.11 146.27 181.50
82.24 145.64 181.69
82.71 147.49 180.69
81.94 147.21 179.98
82.36 148.30 181.34
83.62 146.71 182.77
85.08 146.41 183.43
86.12 146.13 182.42
84.93 145.53 184.61
85.33 147.92 183.92
85.20 148.96 182.98
84.14 149.13 182.77
85.70 148.64 182.07
85.85 150.28 183.34
86.80 150.31 182.82
85.01 151.36 182.91
84.25 151.79 184.02
84.47 152.85 184.15
82.78 151.67 183.77
82.15 152.81 183.31
82.69 153.48 182.67
80.92 153.12 183.79
80.45 154.07 183.55
80.32 152.17 184.66
79.69 152.55 185.71
79.64 151.72 186.30
80.06 153.39 186.12
80.80 150.99 184.90
81.99 150.66 184.35
82.35 149.50 184.44
86.12 150.47 184.82
86.29 149.53 185.34
84.82 151.13 185.30
84.17 150.36 185.71
85.01 151.87 186.08
87.29 151.27 184.82
88.34 151.23 186.02
89.58 151.93 185.62
88.36 149.92 186.69
87.48 152.23 186.88
87.29 153.56 186.45
87.73 153.73 185.47
86.21 153.69 186.33
87.82 154.58 187.46
88.52 155.25 186.96
86.61 155.21 187.83
86.22 154.60 189.04
86.28 155.45 189.73
84.81 154.19 189.18
83.87 155.15 188.96
83.79 155.67 188.02
83.36 155.63 190.07
83.89 154.73 191.02
84.12 154.74 192.41
84.00 155.81 193.16
84.59 155.76 193.98
83.93 156.68 192.65
84.68 153.72 193.05
85.07 152.69 192.32
85.56 151.88 192.84
84.98 152.55 191.00
84.44 153.65 190.39
88.45 154.03 188.76
89.12 153.20 188.51
87.23 153.51 189.46
86.93 152.52 189.10
87.40 153.42 190.53
89.19 154.96 189.56
88.70 155.95 190.78
88.91 157.32 190.28
87.41 155.62 191.42
89.79 155.55 191.87
89.45 155.12 193.19
88.44 154.71 193.27
90.14 154.31 193.46
89.64 156.20 194.26
89.57 155.72 195.24
90.95 156.64 194.03
90.92 157.88 193.34
91.48 158.57 193.98
91.73 157.81 192.09
91.62 158.63 191.00
90.75 158.63 190.35
92.58 159.51 190.95
93.37 159.09 192.03
94.21 159.79 192.96
94.63 160.95 192.94
94.45 159.08 194.13
94.67 159.61 194.96
94.15 157.76 194.26
93.96 157.29 195.46
93.81 157.92 196.24
93.34 156.49 195.46
93.63 157.02 193.31
93.09 157.78 192.30
88.82 157.49 194.29
87.80 157.29 193.95
89.50 158.43 193.31
89.46 159.46 193.66
89.03 158.38 192.33
88.74 158.07 195.60
89.97 158.32 196.64
90.74 157.08 196.83
89.33 158.96 197.79
90.97 159.40 195.94
90.59 160.76 195.76
90.75 161.04 194.72
89.53 160.87 195.98
91.40 161.72 196.63
92.36 161.96 196.17
90.57 162.88 196.70
90.10 162.97 198.03
89.87 164.02 198.25
88.86 162.17 198.38
88.67 161.27 199.41
89.31 160.41 199.60
87.75 161.66 200.26
87.34 162.84 199.66
86.97 164.11 200.23
86.71 164.43 201.39
87.14 165.16 199.35
87.23 166.07 199.78
87.27 164.99 198.01
87.83 165.93 197.31
88.41 166.61 197.79
88.13 165.54 196.43
87.48 163.84 197.43
87.66 162.83 198.32
91.61 161.29 198.09
90.84 160.55 198.32
91.32 162.59 198.83
92.12 163.31 198.67
91.10 162.46 199.89
92.83 160.72 198.47
92.93 160.10 199.96
93.74 158.87 199.95
91.63 160.16 200.66
95.25 161.96 199.28
93.24 165.49 200.19
92.30 165.14 200.60
93.48 166.74 199.86
108.79 189.61 180.16
108.17 189.35 181.02
110.14 188.97 180.38
110.58 188.54 179.48
110.08 188.17 181.11
108.27 188.97 179.05
108.78 189.24 177.57
108.55 187.94 176.94
110.13 189.86 177.57
107.71 190.37 177.14
106.32 190.13 177.17
105.81 191.09 177.19
106.05 189.60 178.08
105.83 189.32 175.96
105.42 188.38 176.32
104.84 190.12 175.32
105.47 190.68 174.20
104.67 190.86 173.48
106.18 191.98 174.47
105.38 192.91 173.87
104.41 193.06 174.31
105.59 193.04 172.53
104.36 193.17 171.67
104.34 194.14 171.17
104.40 192.38 170.92
103.46 193.01 172.27
106.89 192.69 171.93
107.18 192.73 170.74
107.83 192.28 172.84
108.78 192.08 172.55
107.56 192.09 174.17
108.46 192.27 174.97
106.86 189.02 174.85
107.83 189.47 175.02
106.25 189.56 173.58
105.57 188.83 173.15
107.02 189.84 172.86
106.97 187.67 174.60
108.16 187.13 173.73
109.43 187.85 173.93
107.61 186.96 172.36
108.05 185.82 174.62
109.13 184.98 174.88
110.07 185.54 174.88
108.98 184.58 175.89
109.14 183.80 173.90
110.17 183.44 173.81
108.33 182.83 174.49
107.01 182.99 174.01
106.70 182.02 173.63
106.14 183.33 175.18
104.97 184.04 175.14
104.93 185.09 174.89
103.94 183.24 175.26
104.59 182.02 175.53
104.30 180.63 175.23
103.28 180.10 174.81
105.43 179.83 175.29
105.40 178.96 174.77
106.59 180.21 175.88
107.71 179.66 175.49
107.82 179.55 174.50
108.47 180.22 175.85
106.79 181.39 176.40
105.84 182.30 176.02
108.49 184.00 172.51
108.79 184.95 172.09
106.99 183.93 172.80
106.44 183.49 171.97
106.54 184.89 173.04
108.68 183.00 171.52
109.70 181.79 171.60
109.50 180.98 172.83
109.61 181.13 170.29
111.11 182.57 171.71
111.85 182.91 170.54
111.16 183.24 169.77
112.50 183.75 170.78
112.71 181.75 169.99
112.43 181.63 168.94
114.06 182.16 170.10
114.55 181.68 171.33
115.63 181.55 171.21
114.37 182.64 172.47
114.28 182.28 173.79
113.42 181.77 174.20
115.44 182.40 174.39
116.18 183.09 173.42
117.59 183.18 173.09
118.58 182.74 173.66
117.81 183.76 171.85
118.74 183.63 171.46
116.86 184.41 171.15
117.01 184.60 169.87
117.43 183.83 169.37
116.13 184.92 169.51
115.59 184.42 171.45
115.29 183.65 172.53
112.66 180.38 170.72
111.88 180.40 171.48
113.95 180.30 171.52
114.64 179.56 171.10
113.76 180.05 172.56
112.38 179.20 169.97
113.06 178.75 168.58
113.01 179.86 167.60
112.49 177.44 168.22
114.60 178.52 168.98
115.67 179.08 168.25
116.46 179.30 168.97
115.38 180.03 167.80
116.26 178.14 167.19
116.69 178.74 166.39
117.29 177.45 167.87
116.79 176.18 168.22
117.43 175.48 167.69
116.97 176.00 169.69
118.15 175.34 169.86
119.05 175.81 169.50
118.08 173.99 170.03
119.29 173.18 169.65
119.68 172.65 170.52
118.98 172.45 168.90
120.06 173.82 169.21
116.80 173.35 170.36
116.59 172.15 170.51
115.76 174.23 170.58
114.88 173.88 170.92
115.88 175.59 170.45
115.16 176.31 171.12
115.34 177.06 166.58
114.32 177.44 166.54
115.41 175.94 167.60
115.37 174.97 167.11
114.59 176.03 168.31
115.64 176.60 165.26
117.07 176.17 164.67
118.11 177.10 165.16
116.81 176.10 163.21
117.41 174.65 165.22
117.30 173.59 164.28
117.78 173.99 163.38
116.25 173.50 164.02
117.84 172.13 164.44
117.03 171.48 164.77
118.16 171.90 163.08
119.53 172.22 162.93
119.92 173.18 161.85
120.60 172.46 160.91
122.63 173.70 161.56
121.76 174.63 162.08
122.14 175.45 162.54
120.42 174.43 162.23
119.78 175.34 162.72
119.16 171.69 165.13
119.17 172.09 166.15
120.16 172.47 164.31
120.12 173.52 164.61
122.98 163.17 154.56
123.22 161.86 152.58
123.20 162.97 151.71
122.71 162.66 150.78
122.39 164.10 152.26
121.04 164.01 152.01
120.60 163.03 151.90
120.33 165.14 151.75
119.30 165.08 151.42
121.01 166.37 151.91
120.96 167.23 150.96
121.79 167.79 151.12
120.93 166.77 150.06
122.22 166.48 152.35
122.94 165.36 152.60
124.06 165.54 153.02
124.65 163.20 151.33
124.87 164.23 151.05
