26.60 237.34 53.62
22.24 236.95 51.08
21.51 236.39 50.50
23.09 237.74 50.08
22.90 237.29 49.10
22.69 239.09 50.03
23.44 239.79 51.00
23.49 240.84 50.70
22.77 239.78 52.34
23.28 240.32 53.50
24.22 240.00 53.91
22.59 241.37 53.89
21.50 241.35 53.01
20.56 242.34 52.54
20.38 243.50 52.89
19.88 241.94 51.40
19.46 242.68 50.85
19.85 240.66 50.96
19.82 240.46 49.67
20.27 239.57 49.50
20.07 241.21 49.05
20.51 239.69 51.51
21.44 240.11 52.42
24.60 237.81 50.30
24.95 237.04 50.99
24.84 239.21 50.89
25.35 239.18 51.85
25.44 239.86 50.25
25.10 237.43 49.04
25.50 238.42 47.88
25.60 237.55 46.69
26.68 239.12 48.40
24.22 239.44 47.62
24.25 240.88 47.74
24.80 241.13 48.65
23.23 241.24 47.88
24.90 241.69 46.60
24.82 242.76 46.81
26.22 241.28 46.76
26.60 240.59 45.61
27.06 241.41 45.06
27.73 239.66 45.81
28.03 238.45 45.25
27.27 237.70 45.06
29.28 238.35 44.87
29.81 239.59 45.28
30.97 240.37 44.90
31.95 240.08 44.24
30.86 241.71 45.26
31.41 242.36 44.73
29.98 242.16 46.19
29.51 243.37 46.09
29.47 243.78 45.17
28.59 243.38 46.52
29.06 241.42 46.73
28.94 240.19 46.15
24.54 241.43 45.12
23.48 241.17 45.06
25.35 240.18 44.82
24.86 239.30 45.22
25.52 240.05 43.75
24.78 242.47 44.12
25.99 243.58 44.02
26.72 243.71 45.29
25.38 244.80 43.44
27.05 243.08 42.89
27.85 241.90 42.99
27.19 241.06 43.19
28.57 242.01 43.80
28.59 241.43 41.75
29.30 240.66 42.05
27.63 240.88 40.87
27.09 241.91 40.07
27.03 241.51 39.06
25.70 242.25 40.49
25.06 243.47 40.59
25.55 244.35 40.98
23.86 243.47 40.05
23.69 242.13 39.69
22.78 241.45 38.80
21.82 241.86 38.17
23.17 240.15 38.53
22.75 239.71 37.72
24.13 239.48 39.22
24.87 238.63 38.59
25.71 238.51 39.14
25.02 238.78 37.60
24.89 240.03 40.13
24.68 241.37 40.26
29.27 242.55 40.98
29.48 243.35 41.69
28.11 243.05 40.09
27.69 243.96 40.52
28.41 243.29 39.07
30.52 242.30 40.31
31.16 240.85 39.86
30.26 239.72 40.15
32.57 240.82 40.28
31.15 241.05 38.29
29.98 241.53 37.70
29.91 242.55 38.08
29.12 240.95 38.02
29.94 241.69 36.20
29.11 241.11 35.80
29.69 243.07 35.99
30.93 243.67 35.68
30.69 244.46 34.96
31.74 244.29 36.76
32.97 243.89 37.22
33.15 242.89 37.60
33.92 244.76 36.96
33.20 245.80 36.36
33.54 246.87 35.45
34.62 247.29 35.06
32.43 247.43 34.84
32.61 247.94 33.99
31.16 247.23 35.27
30.20 247.27 34.40
29.42 246.73 34.75
30.43 247.21 33.42
30.82 246.42 36.24
31.86 245.65 36.66
31.22 241.30 35.45
31.99 240.92 36.13
31.69 242.66 34.88
32.77 242.76 34.91
31.35 242.88 33.87
30.83 240.27 34.57
30.81 240.51 33.01
32.14 241.06 32.71
29.59 241.29 32.70
30.71 239.09 32.34
31.90 238.51 31.85
31.75 237.44 31.76
32.72 238.65 32.56
32.33 239.04 30.46
33.34 238.64 30.37
31.44 238.34 29.61
30.64 239.29 28.96
30.36 238.87 27.99
29.39 239.68 29.67
28.91 240.96 29.82
29.44 241.71 30.39
27.92 241.20 28.99
27.73 239.92 28.44
27.32 239.47 27.14
26.80 240.08 26.21
27.76 238.19 26.85
27.81 237.96 25.87
28.23 237.33 27.78
29.18 236.52 27.41
29.75 236.29 28.22
29.67 236.69 26.55
28.39 237.63 29.05
28.29 238.98 29.28
32.31 240.54 29.94
31.66 241.15 30.58
31.52 240.44 28.64
31.02 241.38 28.39
32.10 240.11 27.78
33.51 241.31 29.74
34.50 241.13 28.48
35.83 241.70 28.76
33.82 241.52 27.22
34.48 239.55 28.73
34.10 238.56 27.80
33.13 238.12 28.00
34.10 239.00 26.80
35.13 237.46 27.89
35.01 236.88 28.80
34.91 236.65 26.71
35.89 236.98 25.76
36.59 236.15 25.76
35.42 237.26 24.35
35.73 236.34 23.38
35.99 235.34 23.69
35.80 236.72 22.07
36.10 236.02 21.30
35.51 238.08 21.79
35.87 238.68 20.70
36.66 238.30 20.20
35.70 239.67 20.79
35.02 238.91 22.65
34.86 238.50 23.93
34.18 239.22 24.62
36.49 238.16 27.88
36.46 239.23 28.06
36.71 238.11 26.35
37.73 237.95 26.02
36.38 239.08 25.97
37.38 237.74 28.94
37.93 238.74 30.15
39.22 238.31 30.71
36.84 239.02 31.10
38.40 240.06 29.38
39.61 240.08 28.63
40.48 239.90 29.26
39.67 241.08 28.20
39.54 239.05 27.48
38.48 239.18 27.29
40.12 239.49 26.27
41.27 238.70 26.11
41.60 238.76 25.07
42.38 239.17 26.99
43.59 238.54 27.03
43.71 237.54 27.42
44.46 239.17 26.28
43.74 240.35 25.98
43.75 241.27 24.87
44.52 241.37 23.92
42.61 242.06 24.80
42.43 242.53 23.93
41.73 242.18 25.83
40.51 242.55 25.55
39.91 242.34 26.33
40.13 242.36 24.64
41.83 241.51 26.95
42.74 240.49 26.90
39.95 237.54 27.64
40.56 237.42 28.54
40.77 237.31 26.39
41.55 236.56 26.53
40.12 237.02 25.57
39.02 236.48 27.44
39.03 235.13 28.31
40.28 234.44 27.94
37.73 234.45 28.08
39.11 235.60 29.85
40.32 235.77 30.58
40.14 236.43 31.43
41.10 236.21 29.97
40.88 234.50 31.18
41.70 234.18 30.53
41.38 234.84 32.47
40.40 234.50 33.42
40.95 234.04 34.24
39.69 235.67 34.03
38.36 236.02 34.02
37.75 236.01 33.13
37.88 236.22 35.23
39.02 236.13 36.04
39.23 235.95 37.46
38.45 235.91 38.40
40.54 235.64 37.78
40.68 235.30 38.72
41.56 235.68 36.90
42.52 234.82 37.04
43.00 234.71 36.16
42.35 233.98 37.58
41.44 235.93 35.63
40.14 236.10 35.24
39.82 233.41 31.36
38.88 233.67 30.89
39.53 233.39 32.86
38.47 233.55 33.05
39.85 232.45 33.32
40.17 232.16 30.79
41.66 231.57 30.68
42.14 231.53 29.29
42.49 232.12 31.77
41.15 230.13 31.09
40.51 229.92 32.33
39.68 230.61 32.47
40.04 228.94 32.22
41.47 229.98 33.54
41.63 231.02 33.85
40.95 229.16 34.58
41.26 227.80 34.26
41.68 227.27 35.11
40.04 227.12 33.73
38.75 227.45 34.05
38.53 228.13 34.86
37.83 226.96 33.26
38.60 226.27 32.31
38.32 225.56 31.11
37.12 225.31 30.63
36.32 225.61 31.16
37.13 224.76 29.78
39.26 225.01 30.36
40.51 225.09 30.81
41.28 224.65 30.19
40.92 225.65 31.93
39.93 226.28 32.63
42.82 229.37 33.21
43.16 229.68 32.22
42.36 227.92 33.21
42.02 227.74 32.19
43.15 227.21 33.48
43.87 229.67 34.11
45.28 228.93 33.97
45.11 227.66 34.71
46.32 229.87 34.45
45.60 228.66 32.37
44.93 227.80 31.41
43.91 228.13 31.18
45.46 227.89 30.47
44.87 226.29 31.70
43.96 225.99 32.21
44.88 225.60 30.45
46.16 225.02 30.30
46.08 223.97 30.59
46.67 225.06 28.91
47.10 223.82 28.51
46.40 223.00 28.50
48.44 223.62 28.43
48.84 222.62 28.32
49.26 224.77 28.64
50.41 224.68 29.20
50.54 223.83 29.74
50.67 225.58 29.59
48.82 226.00 28.60
47.47 226.16 28.58
46.99 227.25 28.30
46.07 225.86 32.52
46.48 226.63 33.16
47.05 225.67 31.36
47.94 225.10 31.62
47.37 226.66 31.07
45.52 224.88 33.37
45.83 223.36 33.38
45.30 222.77 32.13
45.42 222.86 34.71
47.47 223.49 33.30
48.27 222.73 32.38
49.15 223.31 32.12
47.69 222.53 31.48
48.74 221.41 32.96
48.92 220.73 32.13
49.94 221.44 33.70
49.57 221.25 35.05
50.42 220.84 35.60
49.31 222.62 35.61
48.29 223.14 36.38
47.24 222.96 36.18
48.75 223.75 37.44
50.14 223.74 37.22
51.28 223.85 38.10
51.37 224.13 39.29
52.44 223.38 37.51
53.18 223.14 38.16
52.58 223.16 36.19
53.31 222.15 35.81
52.98 221.88 34.90
53.49 221.42 36.49
51.60 223.19 35.33
50.39 223.39 35.92
47.68 220.86 33.91
47.26 221.65 34.53
48.46 220.19 35.01
47.89 220.14 35.94
48.86 219.22 34.72
46.56 220.39 33.21
46.63 219.22 32.21
45.27 218.78 31.83
47.43 218.32 33.02
47.55 219.37 30.81
48.85 218.72 30.60
49.40 218.85 31.53
49.39 219.32 29.86
49.10 217.20 30.21
49.90 217.17 29.47
49.59 216.60 31.43
48.53 215.82 31.98
48.73 214.78 31.72
48.40 215.82 33.49
47.36 216.05 34.38
46.52 216.70 34.17
47.43 215.38 35.51
48.60 214.63 35.32
49.08 213.42 35.93
48.74 212.84 36.96
49.97 212.75 35.11
50.01 211.75 35.24
50.58 213.31 34.04
50.55 212.62 32.94
50.59 213.27 32.16
49.89 211.87 32.86
50.39 214.54 33.65
49.28 215.08 34.22
47.99 216.24 29.65
47.31 216.73 28.96
47.44 216.20 31.02
46.96 217.18 31.09
46.44 215.80 31.20
48.42 214.92 29.26
47.75 214.06 28.03
46.85 214.97 27.28
48.90 213.48 27.31
46.85 212.84 28.62
47.43 211.65 29.17
48.31 211.96 29.73
47.77 211.01 28.36
46.54 210.82 30.13
47.19 210.10 30.63
45.98 211.65 31.13
44.55 211.62 31.00
44.10 211.95 31.94
43.93 212.44 29.88
42.78 212.30 29.15
42.41 211.34 28.83
42.11 213.43 29.00
42.93 214.34 29.69
42.68 215.55 30.47
41.77 216.36 30.40
43.53 215.65 31.58
43.64 216.57 31.99
44.54 214.78 31.74
45.23 214.50 32.81
46.01 213.92 32.54
45.21 215.05 33.66
45.07 214.14 30.75
44.15 213.77 29.88
45.33 210.03 29.61
44.94 210.49 28.70
44.34 210.19 30.78
43.29 210.03 30.52
44.64 209.64 31.66
45.68 208.71 29.33
44.79 207.43 29.62
44.87 206.56 28.44
43.46 207.75 30.18
45.76 206.92 30.80
45.40 206.79 32.17
44.39 207.16 32.35
46.08 207.39 32.77
45.50 205.32 32.64
46.17 205.26 33.49
44.19 204.95 33.02
43.53 204.43 31.87
43.15 203.45 32.16
42.32 205.19 31.43
41.85 205.48 30.17
42.51 205.75 29.35
40.55 205.34 30.03
40.16 204.92 31.31
39.02 204.19 31.78
37.94 203.94 31.24
39.26 203.55 32.99
38.69 202.74 33.17
40.31 203.84 33.79
40.93 202.83 34.32
41.88 203.12 34.51
40.82 201.92 33.89
41.24 204.71 33.50
41.19 205.10 32.20
45.93 204.34 31.52
46.66 204.81 30.86
44.58 204.15 30.82
44.48 204.76 29.92
44.43 203.11 30.53
46.37 203.02 31.79
47.41 202.53 32.91
48.36 201.60 32.26
47.91 203.69 33.67
46.44 201.66 33.87
45.09 201.34 33.53
44.60 202.24 33.16
44.56 201.05 34.44
44.85 200.24 32.48
43.98 199.70 32.85
44.47 200.86 31.28
45.18 200.29 30.20
44.46 199.68 29.65
45.65 201.34 29.28
46.89 201.83 28.96
47.74 201.72 29.61
46.93 202.37 27.76
45.59 202.32 27.34
44.91 202.55 26.07
45.35 202.84 24.97
43.55 202.25 26.13
43.05 202.29 25.25
42.88 201.99 27.27
41.83 201.23 27.21
41.57 201.06 28.17
42.03 200.36 26.72
43.45 201.72 28.40
44.81 201.89 28.36
45.92 199.18 32.16
46.82 199.37 32.74
46.26 199.36 30.69
47.27 199.77 30.57
46.18 198.43 30.12
45.45 197.87 32.42
44.08 197.20 31.84
43.29 198.15 31.04
43.44 196.51 32.97
44.64 196.13 30.81
46.01 195.74 30.79
46.38 195.69 31.81
46.61 196.45 30.22
46.20 194.37 30.19
47.26 194.20 30.02
45.73 193.53 31.19
44.43 193.08 30.87
44.49 191.99 30.80
43.58 193.41 32.04
42.34 193.97 32.16
42.03 194.81 31.56
41.57 193.32 33.01
42.45 192.35 33.51
42.26 191.07 34.14
41.25 190.55 34.62
43.36 190.24 34.01
43.20 189.25 34.10
44.59 190.68 33.63
45.29 189.94 32.81
45.91 190.52 32.26
44.86 189.16 32.32
44.86 191.93 33.39
43.74 192.67 33.17
45.39 193.99 28.95
45.28 194.85 28.29
44.02 193.58 29.49
43.35 194.43 29.54
43.59 192.79 28.89
45.98 192.93 28.21
47.05 191.82 28.75
46.74 191.29 30.10
48.41 192.27 28.40
46.59 190.69 27.79
45.22 190.33 27.76
44.88 190.08 28.77
44.61 191.15 27.37
45.04 189.12 26.88
45.29 188.25 27.49
43.68 189.09 26.48
43.59 189.56 25.15
43.13 188.74 24.59
42.69 190.75 25.11
41.36 190.48 24.89
40.96 189.55 25.26
40.64 191.31 24.10
39.63 191.05 23.81
41.32 192.46 23.62
41.24 192.73 22.36
40.98 191.94 21.80
42.09 193.24 22.14
42.49 192.85 24.01
43.16 192.06 24.88
44.17 192.52 25.37
45.91 189.16 25.62
46.75 189.86 25.71
44.99 189.71 24.54
45.08 189.14 23.61
45.28 190.73 24.31
46.48 187.90 25.39
45.61 186.60 25.15
44.91 186.79 23.87
44.84 186.24 26.36
46.76 185.54 24.96
46.46 184.18 25.09
45.40 184.05 25.31
47.01 183.75 25.94
46.79 183.39 23.83
47.60 182.70 24.08
45.60 182.71 23.53
44.96 183.38 22.46
44.93 182.63 21.67
43.53 183.68 22.76
42.80 184.85 22.79
43.15 185.77 23.22
41.65 184.76 22.15
41.67 183.43 21.72
41.03 182.74 20.63
40.13 183.09 19.88
41.68 181.55 20.31
41.52 181.19 19.38
42.57 180.93 21.12
43.60 180.36 20.57
44.33 180.28 21.26
43.96 180.77 19.71
42.97 181.42 22.26
42.62 182.73 22.42
47.21 184.09 22.53
47.74 185.01 22.76
45.88 184.44 21.87
45.57 185.46 22.12
45.95 184.35 20.78
48.08 183.26 21.73
47.77 181.76 21.14
49.01 181.31 20.49
46.52 181.80 20.34
47.53 180.77 22.41
48.60 180.39 23.26
49.42 180.02 22.65
48.98 181.27 23.77
48.30 179.29 24.32
48.24 178.32 23.83
49.45 179.39 25.16
49.07 180.04 26.36
49.11 179.32 27.18
49.92 181.17 26.75
51.15 181.55 26.29
51.62 181.07 25.44
51.71 182.51 26.99
50.72 182.79 27.96
50.61 183.62 29.10
51.60 184.25 29.67
52.53 184.06 29.32
51.36 184.63 30.57
49.54 183.64 29.89
48.56 182.81 29.59
47.70 182.80 30.24
48.55 181.92 28.62
49.64 181.97 27.82
47.06 179.47 25.25
46.24 179.91 24.67
47.63 180.52 26.16
47.63 181.50 25.69
47.05 180.60 27.08
46.56 178.30 25.95
47.20 177.65 27.33
47.17 178.65 28.42
48.50 177.11 26.92
46.29 176.44 27.88
46.76 175.10 27.87
47.37 174.96 26.98
45.89 174.46 27.74
47.53 174.52 29.09
46.90 173.72 29.48
48.68 173.99 28.49
49.81 174.81 28.79
50.51 174.16 29.31
50.55 175.24 27.58
51.33 176.36 27.46
50.93 177.36 27.56
52.61 176.06 27.39
52.55 174.66 27.35
53.44 173.61 27.77
54.62 173.65 28.12
52.79 172.40 27.97
53.20 171.77 28.64
51.53 172.14 27.53
50.77 171.45 28.32
49.80 171.65 28.11
50.91 171.56 29.31
50.81 173.00 26.84
51.28 174.27 26.95
48.11 175.25 30.32
47.45 176.06 30.64
49.42 175.86 29.82
49.26 176.84 29.37
50.16 175.91 30.62
48.36 174.37 31.45
48.91 172.81 31.38
50.33 172.75 30.95
47.91 171.98 30.68
48.88 172.32 32.89
49.60 172.99 33.89
49.35 174.04 33.82
50.68 172.90 33.71
49.26 172.47 35.31
50.16 172.06 35.77
48.91 173.69 35.93
47.51 173.69 36.09
47.31 174.33 36.96
46.56 174.12 34.99
46.06 173.38 33.92
46.67 172.83 33.22
44.75 173.29 33.91
44.39 174.04 35.02
43.23 174.04 35.88
42.13 173.50 35.77
43.46 174.66 37.09
42.86 174.38 37.84
44.53 175.46 37.32
45.03 175.47 38.52
45.98 175.80 38.48
44.83 174.69 39.13
45.52 175.65 36.49
45.46 174.82 35.41
48.07 171.49 35.54
47.53 171.32 34.60
47.22 172.28 36.52
46.16 172.03 36.45
47.59 172.12 37.53
48.34 170.24 36.17
47.17 169.09 36.27
47.70 167.87 35.64
45.90 169.67 35.78
46.94 168.80 37.86
47.81 167.89 38.52
48.78 168.39 38.56
47.94 167.01 37.90
47.49 167.40 39.96
47.94 166.42 40.04
48.16 168.26 40.85
47.25 169.28 41.20
47.51 169.59 42.22
47.37 170.50 40.35
46.37 171.34 39.93
45.52 170.99 39.35
46.47 172.54 40.44
47.70 172.45 41.12
48.27 173.13 42.26
47.87 174.10 42.90
49.36 172.46 42.81
49.60 172.70 43.76
50.00 171.45 42.17
50.54 170.51 42.90
50.57 169.67 42.34
50.28 170.43 43.87
49.59 170.89 41.07
48.39 171.35 40.65
46.06 167.28 40.57
45.32 167.13 39.78
45.87 168.62 41.27
45.09 169.21 40.79
45.61 168.46 42.32
46.01 166.23 41.57
44.62 165.67 42.24
44.60 164.20 42.05
43.52 166.49 41.67
44.61 165.94 43.86
45.43 165.22 44.80
46.39 165.11 44.30
45.61 165.89 45.65
45.01 163.82 45.38
44.50 163.25 44.60
46.34 163.28 45.59
46.66 163.09 46.96
47.40 162.29 47.06
47.13 164.30 47.73
46.27 165.00 48.54
45.33 164.57 48.85
46.49 166.27 48.94
45.27 167.03 49.44
45.36 168.08 49.17
44.38 166.64 48.94
45.15 166.91 50.52
47.79 166.88 48.72
48.15 168.00 49.05
48.69 166.07 48.05
49.62 166.43 47.93
48.41 164.83 47.50
49.29 164.26 46.87
44.30 163.64 46.79
44.33 164.65 47.21
45.28 162.60 47.38
45.19 162.48 48.45
45.08 161.64 46.90
43.02 163.08 47.19
42.27 163.52 48.65
40.93 164.00 48.28
43.19 164.45 49.33
42.01 162.36 49.82
43.08 161.71 50.52
43.97 162.31 50.30
43.21 160.78 49.97
43.15 161.26 52.05
42.34 160.55 52.24
44.38 160.57 51.91
45.42 161.45 52.29
46.18 160.81 52.74
46.12 162.31 51.28
46.12 163.69 51.23
45.21 164.28 51.24
47.31 164.19 51.41
48.11 163.05 51.47
49.41 162.77 52.04
50.28 163.52 52.44
49.63 161.41 52.23
50.37 161.18 52.87
48.86 160.45 51.66
48.71 159.31 52.28
47.85 158.89 51.98
48.98 159.25 53.25
47.78 160.67 50.96
47.40 161.97 51.00
43.42 162.04 53.41
42.86 162.98 53.44
44.91 162.32 53.39
45.10 163.40 53.36
45.49 161.97 54.25
43.15 161.31 54.64
43.82 161.67 56.13
42.90 161.26 57.19
44.26 163.08 56.09
45.17 160.72 56.19
45.83 160.34 57.41
46.90 160.25 57.21
45.70 161.10 58.17
45.34 158.96 57.89
44.40 158.79 57.37
46.27 157.96 57.46
46.80 157.27 58.57
46.55 156.22 58.41
48.27 157.40 58.71
48.95 156.22 58.60
48.67 155.53 57.82
49.83 155.87 59.58
50.28 154.89 59.59
50.05 156.85 60.59
50.46 156.52 61.77
50.25 155.58 62.08
50.40 157.31 62.39
49.62 158.07 60.54
48.79 158.42 59.52
48.46 159.59 59.38
45.18 158.81 59.43
45.58 159.70 59.92
46.04 157.63 59.84
45.44 156.77 60.12
46.66 157.89 60.70
43.98 158.36 60.06
42.47 158.45 59.52
41.74 157.38 60.23
42.40 158.38 58.05
42.01 159.91 60.10
42.91 160.87 60.69
42.53 161.84 60.37
43.91 160.84 60.24
43.03 160.98 62.25
43.81 161.70 62.50
41.77 161.54 62.55
40.99 160.48 63.03
40.85 160.68 64.09
39.65 160.36 62.42
39.09 159.20 61.95
39.56 158.60 61.18
38.10 158.80 62.71
38.07 159.84 63.66
37.75 159.88 65.06
37.15 159.08 65.76
38.34 160.96 65.71
38.69 160.75 66.63
38.83 162.04 65.05
39.76 162.75 65.61
40.29 163.26 64.91
40.29 162.34 66.37
38.85 162.16 63.74
38.64 160.96 63.12
43.15 159.76 63.23
43.94 159.07 62.92
41.78 159.18 62.99
41.73 158.69 62.02
41.43 158.42 63.68
43.25 160.07 64.64
42.63 159.12 65.83
43.14 157.75 65.66
41.16 159.36 65.90
43.21 159.68 67.17
42.36 160.11 68.21
43.01 160.83 68.70
41.47 160.64 67.86
42.02 159.03 69.24
41.62 158.15 68.74
43.35 158.83 69.76
43.47 159.51 71.00
44.11 158.84 71.59
43.98 160.92 71.23
44.57 160.96 72.46
45.37 160.27 72.68
43.96 161.64 73.47
44.28 161.53 74.49
42.82 162.43 73.11
42.01 162.94 73.98
41.91 162.52 74.90
41.24 163.44 73.58
42.54 162.72 71.87
43.21 162.07 70.90
43.25 162.61 69.81
41.11 159.49 70.41
40.85 160.54 70.28
42.10 159.33 71.56
42.05 158.31 71.93
41.89 160.03 72.36
39.93 158.76 70.84
39.26 159.15 72.29
39.13 160.62 72.25
40.13 158.53 73.30
37.80 158.57 72.60
36.90 159.29 73.46
35.91 158.88 73.25
36.88 160.33 73.16
37.05 159.23 75.01
36.39 160.01 75.41
36.50 157.98 75.40
37.55 157.22 75.94
37.15 156.45 76.60
38.43 156.53 74.94
39.79 156.33 75.05
40.49 157.14 75.15
40.09 155.07 75.21
34.98 155.67 75.29
37.96 155.35 74.46
38.38 159.38 75.81
39.26 159.25 75.18
38.28 158.20 76.78
39.25 157.82 77.10
37.66 158.43 77.64
38.54 160.59 76.51
39.23 160.76 77.97
39.74 162.13 78.08
40.14 159.64 78.30
37.88 160.55 78.85
36.73 161.37 78.63
35.84 160.76 78.79
36.69 161.71 77.59
36.64 162.60 79.54
36.32 163.43 78.90
35.60 162.35 80.47
36.23 161.94 81.66
35.58 162.25 82.48
36.38 160.46 81.72
37.54 159.74 81.92
38.40 159.83 81.28
37.52 159.12 83.08
36.22 159.40 83.53
35.63 159.54 84.83
36.07 159.27 85.95
34.42 160.23 84.81
34.13 160.62 85.70
33.74 160.51 83.68
33.06 161.61 83.62
32.95 161.91 82.66
33.20 162.33 84.33
34.15 160.22 82.47
35.45 159.79 82.46
37.91 162.95 80.37
38.71 162.23 80.18
37.51 162.73 81.81
38.29 162.20 82.36
37.30 163.68 82.31
38.49 164.23 80.26
37.68 165.55 79.87
37.18 165.47 78.49
38.48 166.69 80.37
36.39 165.37 80.82
36.11 166.26 81.85
35.53 165.74 82.62
37.03 166.64 82.30
35.25 167.41 81.32
34.40 166.97 80.80
34.83 168.09 82.49
35.71 169.18 82.65
35.08 170.06 82.59
36.37 169.12 83.99
35.99 170.19 84.75
34.95 170.28 85.03
36.87 171.23 84.82
36.55 172.19 85.20
38.16 170.99 84.27
38.88 171.94 83.76
38.35 172.71 83.39
39.62 171.54 83.21
38.63 169.79 84.04
37.73 168.78 84.08
38.09 167.63 84.31
35.88 168.47 80.40
36.57 168.04 79.68
36.62 169.31 81.41
36.72 170.34 81.07
37.61 168.88 81.55
34.78 169.01 79.69
34.15 170.47 79.71
35.13 171.50 79.32
33.39 170.64 80.97
33.10 170.24 78.49
32.60 168.94 78.13
32.35 168.39 79.04
31.70 169.07 77.54
33.56 168.04 77.32
34.07 167.34 77.98
32.76 167.35 76.35
33.15 167.72 75.04
33.84 166.96 74.66
32.03 168.00 74.08
32.37 168.90 73.09
33.33 168.79 72.61
31.71 170.09 73.00
32.46 171.25 72.37
32.48 172.06 73.10
33.50 170.98 72.17
31.96 171.60 71.46
30.45 170.29 73.71
29.75 171.30 73.69
30.02 169.20 74.42
29.16 169.30 74.95
30.73 168.04 74.62
30.17 167.13 75.22
34.64 168.80 76.56
34.95 169.73 77.04
33.92 169.04 75.26
33.24 169.88 75.41
34.62 169.27 74.46
35.74 167.96 76.41
37.13 168.55 75.94
36.89 169.85 75.26
38.16 168.43 76.98
37.25 167.40 74.83
38.51 166.89 74.45
38.42 165.81 74.37
39.26 167.09 75.22
38.96 167.46 73.10
40.02 167.69 73.22
38.77 166.43 72.15
37.53 166.64 71.53
37.58 166.17 70.55
36.39 166.02 72.26
35.18 166.60 72.52
35.13 167.51 73.11
34.21 166.07 71.81
34.87 164.97 71.23
34.66 164.19 70.03
33.71 164.16 69.26
35.80 163.49 69.64
35.78 163.04 68.73
36.88 163.30 70.43
38.04 163.35 69.85
38.76 163.48 70.55
38.16 163.81 68.96
37.02 163.86 71.60
36.05 164.76 71.90
38.18 168.67 72.51
37.46 169.06 73.23
37.40 168.13 71.32
36.37 168.51 71.33
37.88 168.40 70.38
38.87 169.78 71.99
40.30 169.72 71.31
40.83 168.35 71.19
41.08 170.77 71.97
39.89 170.16 69.82
40.41 171.30 69.20
40.52 172.09 69.96
39.68 171.65 68.47
41.76 171.11 68.49
41.64 171.54 67.49
42.71 171.87 69.18
43.63 171.02 69.86
44.61 171.25 69.46
43.66 171.36 71.31
43.95 170.56 72.39
43.49 169.60 72.54
44.94 171.06 73.10
45.14 172.29 72.45
46.28 173.15 72.27
47.38 173.16 72.83
46.16 173.96 71.15
47.02 174.23 70.70
44.98 174.20 70.52
44.99 174.26 69.22
44.09 173.96 68.87
45.75 173.83 68.71
43.84 173.70 70.92
44.02 172.61 71.72
42.41 169.74 68.30
41.66 168.95 68.31
43.34 169.57 69.50
42.87 169.04 70.32
44.25 169.04 69.23
43.08 169.75 67.04
44.43 170.60 66.65
45.56 170.20 67.51
44.09 172.04 66.53
44.71 170.01 65.20
44.31 168.69 64.86
44.05 168.12 65.76
43.40 168.75 64.27
45.36 167.84 64.15
45.95 167.31 64.89
44.58 166.95 63.37
44.51 167.44 62.05
44.87 166.62 61.43
43.08 167.73 61.68
42.44 166.70 61.04
42.66 165.69 61.34
41.69 166.98 59.95
41.30 166.17 59.34
41.56 168.35 59.61
41.58 168.74 58.38
41.99 168.06 57.75
41.89 169.70 58.37
41.92 169.34 60.36
42.59 169.04 61.50
42.78 169.95 62.29
46.30 168.58 63.18
46.37 169.62 63.51
45.55 168.56 61.86
46.22 168.33 61.04
45.11 169.55 61.69
47.65 168.10 63.11
