61.56 39.85 215.22
59.84 39.90 214.75
63.52 38.59 214.29
64.28 39.15 215.30
64.82 38.28 216.13
64.20 37.07 215.78
64.09 35.74 216.37
64.91 35.08 216.99
62.81 35.22 216.23
62.65 34.25 216.46
61.95 35.77 215.35
60.66 35.82 215.54
60.18 35.33 216.28
60.14 36.38 214.87
62.36 36.50 214.34
63.36 37.30 214.72
61.48 38.68 212.71
61.08 38.22 213.62
61.59 37.91 211.95
59.41 38.77 212.53
58.58 37.89 211.47
59.35 37.85 210.19
57.16 38.29 211.47
58.65 36.42 212.13
59.87 35.71 212.13
60.49 36.09 212.94
60.40 36.03 211.23
59.76 34.16 212.17
58.80 33.87 212.60
60.06 33.52 210.90
61.48 33.60 210.70
61.05 34.57 210.50
62.51 34.36 209.89
62.43 35.66 209.38
61.49 36.17 209.25
63.57 36.25 209.18
64.50 35.33 209.66
65.92 35.41 209.91
66.76 36.24 209.55
66.38 34.43 210.76
67.36 34.47 211.03
65.63 33.40 211.20
65.52 33.37 212.50
64.69 32.89 212.81
65.84 34.16 213.05
64.45 33.12 210.68
63.87 34.16 210.02
60.87 33.64 213.06
61.21 34.44 213.72
62.04 33.47 212.13
62.73 34.28 212.35
62.55 32.52 212.27
60.43 32.67 213.96
60.95 31.19 214.03
62.10 31.14 214.95
60.98 30.64 212.66
59.59 30.81 214.77
58.73 29.84 214.24
58.84 29.76 213.16
57.70 30.12 214.47
59.06 28.52 214.93
59.34 28.74 215.96
57.91 27.67 214.90
58.08 26.77 213.83
57.48 25.87 213.94
57.71 27.48 212.57
56.70 28.40 212.38
56.04 28.71 213.18
56.62 28.89 211.17
57.69 28.26 210.53
58.14 28.17 209.19
57.41 28.55 208.18
56.52 28.97 208.42
57.59 27.96 207.37
59.09 27.34 208.79
59.64 26.58 209.72
60.43 25.91 209.40
59.26 26.45 210.97
58.31 27.36 211.34
60.23 27.78 214.26
60.51 28.25 213.31
59.57 26.43 214.01
60.03 25.91 213.17
59.68 25.80 214.89
61.36 27.69 215.12
62.70 26.96 214.63
62.78 26.96 213.15
63.88 27.28 215.47
62.26 25.50 215.10
62.50 24.38 214.30
61.53 23.93 214.12
62.91 24.67 213.32
63.45 23.36 214.97
64.18 23.89 215.59
62.58 22.49 215.71
62.33 21.37 214.87
62.92 20.53 215.24
60.94 20.96 214.61
59.78 21.70 214.69
59.70 22.57 215.33
58.82 21.29 213.89
59.43 20.25 213.16
59.07 19.52 211.97
58.01 19.44 211.35
60.15 18.90 211.37
60.02 18.55 210.43
61.39 18.81 211.91
62.25 19.43 211.15
63.17 19.51 211.56
61.94 20.33 210.81
61.59 19.11 213.18
60.66 19.97 213.70
64.12 22.53 213.84
64.49 23.15 213.03
62.87 21.78 213.50
62.17 22.37 212.90
63.11 20.90 212.92
65.06 21.49 214.13
65.80 20.62 212.93
66.73 21.51 212.21
64.85 19.78 212.16
66.63 19.65 213.83
67.65 20.15 214.64
67.43 19.81 215.65
67.63 21.24 214.67
69.02 19.65 214.16
69.40 20.32 213.39
69.77 19.69 215.38
69.66 18.39 215.96
70.65 17.94 216.00
69.03 18.30 217.29
68.30 19.25 217.96
68.55 20.30 217.95
67.21 18.77 218.52
67.25 17.42 218.10
66.43 16.28 218.15
66.05 15.82 219.30
66.38 16.38 220.07
66.26 14.83 219.26
66.71 15.17 217.48
67.95 15.05 217.02
68.18 14.16 216.46
68.94 15.88 217.27
68.50 17.10 217.68
69.09 18.18 213.68
68.33 17.94 212.94
68.74 17.59 214.99
67.68 17.71 215.21
68.90 16.51 214.99
70.39 17.75 213.24
71.11 16.35 213.67
71.89 16.54 214.90
70.16 15.21 213.55
72.11 16.26 212.47
71.82 15.42 211.39
70.75 15.25 211.26
72.20 15.92 210.50
72.54 14.08 211.55
72.23 13.57 212.46
72.11 13.43 210.33
73.01 13.69 209.25
73.14 12.76 208.70
72.87 14.83 208.24
74.01 15.55 207.87
74.99 15.09 207.97
73.96 16.90 207.91
75.13 17.63 208.56
76.08 17.51 208.02
75.25 17.22 209.56
74.89 18.68 208.72
72.70 17.58 207.69
72.53 18.78 207.49
71.61 16.73 207.65
70.71 17.17 207.54
71.62 15.40 208.00
70.56 14.79 208.04
74.04 14.42 211.50
74.14 15.51 211.58
74.24 13.93 210.10
74.84 14.79 209.81
74.80 12.99 210.05
75.20 13.94 212.19
76.71 14.43 211.66
76.66 15.64 210.81
77.70 14.39 212.75
76.96 13.22 210.63
77.40 11.98 211.11
77.10 11.86 212.15
77.06 11.14 210.51
78.90 12.13 211.02
79.08 13.20 210.90
79.34 11.95 212.36
80.08 10.83 212.31
80.83 10.82 213.11
79.17 9.60 212.37
78.90 8.97 211.19
79.67 9.00 210.43
77.68 8.47 210.88
77.17 8.60 209.45
77.33 7.69 208.87
77.67 9.43 208.95
76.12 8.87 209.45
76.81 8.09 211.96
75.80 7.39 211.88
77.23 8.52 213.20
76.68 8.24 214.00
78.27 9.41 213.43
78.37 9.92 214.54
79.68 11.57 209.77
79.85 12.43 209.12
80.68 11.30 210.97
81.37 10.46 210.89
81.31 12.19 211.08
80.41 10.48 209.18
80.29 9.41 207.97
80.04 10.01 206.65
79.72 8.11 208.37
81.86 9.27 208.27
82.41 8.32 209.21
81.79 7.43 209.30
83.21 7.93 208.58
83.01 8.68 210.65
82.33 8.34 211.43
84.16 7.86 210.57
85.12 8.70 209.92
85.99 8.74 210.59
85.56 8.18 208.61
86.47 7.18 208.43
86.46 6.28 209.03
87.41 7.50 207.58
86.99 8.78 207.15
87.63 9.91 206.53
88.71 10.02 205.98
86.92 11.09 206.73
87.47 11.93 206.89
85.58 11.10 206.89
84.94 12.20 207.18
85.43 13.00 207.54
83.98 12.02 207.44
84.89 10.01 207.12
85.67 8.95 207.47
83.75 10.02 211.13
83.15 10.92 211.25
84.50 10.13 209.87
83.75 10.35 209.11
85.18 10.98 209.80
84.66 9.96 212.24
85.84 11.08 212.43
86.52 10.80 213.71
85.24 12.41 212.17
86.89 10.80 211.20
88.22 10.42 211.40
88.53 11.02 212.25
88.24 9.39 211.75
89.24 10.71 210.23
88.95 11.62 209.70
90.31 10.93 211.09
90.94 9.68 211.25
91.93 9.98 210.92
91.06 9.05 212.57
91.29 7.68 212.59
91.46 7.16 211.66
91.32 6.99 213.73
91.24 7.67 215.02
91.31 7.16 216.12
91.09 9.05 214.92
91.08 9.60 215.77
90.93 9.76 213.77
90.67 10.96 213.87
89.89 9.68 209.23
89.15 9.23 208.56
90.27 8.68 210.25
89.40 8.17 210.65
90.90 7.91 209.80
91.05 10.15 208.46
92.69 9.71 208.52
93.43 10.94 208.84
93.01 8.98 207.27
93.05 8.65 209.71
93.96 8.80 210.83
94.88 8.33 210.49
93.59 8.09 211.57
94.27 10.12 211.65
93.46 10.85 211.63
94.50 9.67 212.98
95.90 9.45 213.14
96.28 10.11 213.92
96.05 8.02 213.45
95.06 7.20 213.94
94.30 7.55 214.62
99.17 7.13 210.49
98.08 7.55 212.16
95.59 10.83 211.31
95.69 10.96 210.23
96.56 9.82 211.79
96.59 9.04 211.02
97.57 10.19 211.91
96.19 11.86 212.09
95.51 13.03 212.91
94.35 12.52 213.65
96.60 13.70 213.66
95.06 13.94 211.67
95.60 13.77 210.36
95.34 12.81 209.92
95.08 14.46 209.70
97.14 13.96 210.24
97.69 13.06 210.53
97.24 14.25 208.84
97.34 15.66 208.71
98.39 15.87 208.49
96.50 16.40 207.73
96.04 17.63 208.18
96.71 18.22 208.79
94.71 17.83 208.22
94.16 18.58 209.43
93.83 19.59 209.17
94.91 18.62 210.22
93.33 18.01 209.83
93.84 17.08 207.33
92.64 17.29 207.13
94.47 16.10 206.60
93.92 15.53 205.98
95.76 15.66 206.81
96.17 14.72 206.15
97.74 15.17 210.97
97.49 15.24 212.03
96.96 16.13 210.14
95.90 16.15 210.39
97.26 17.16 210.35
99.14 15.37 210.76
99.82 16.84 210.68
101.26 16.68 210.96
99.40 17.49 209.42
99.06 17.66 211.90
98.27 18.87 211.81
97.90 19.05 212.82
97.38 18.81 211.19
98.93 20.16 211.38
98.34 20.61 210.58
98.92 21.06 212.49
100.22 21.05 212.99
100.45 22.06 213.33
100.49 20.13 214.15
100.63 20.89 215.27
99.86 21.62 215.47
101.80 20.87 215.95
102.00 21.59 216.74
102.74 19.87 215.55
103.90 19.70 216.10
104.34 18.88 215.71
104.37 20.45 216.59
102.48 18.93 214.72
101.28 18.95 214.09
100.86 17.87 213.77
100.34 20.01 210.85
100.82 19.04 211.00
101.07 20.91 211.78
102.01 20.43 212.06
101.18 21.89 211.32
100.24 20.28 209.48
101.43 20.78 208.61
101.50 19.95 207.39
101.12 22.22 208.55
102.73 20.44 209.58
103.54 21.38 210.30
103.19 21.77 211.25
104.47 20.87 210.56
103.85 22.57 209.45
102.99 23.09 209.02
104.51 23.54 210.27
105.88 23.45 209.99
106.25 24.43 209.69
106.66 22.91 211.13
106.20 22.41 212.32
105.23 22.66 212.72
107.00 21.54 212.88
108.02 21.39 211.93
109.07 20.42 211.73
109.57 19.60 212.50
109.51 20.36 210.42
110.10 19.59 210.17
109.16 21.25 209.47
108.62 20.67 208.41
108.00 21.22 207.84
108.28 19.73 208.49
108.63 22.42 209.78
107.90 22.35 210.95
104.69 21.86 208.39
104.76 20.78 208.53
106.00 22.44 208.85
106.44 21.50 209.20
106.65 22.85 208.08
104.26 21.92 207.06
105.32 21.74 205.88
106.42 20.85 206.35
104.68 21.54 204.57
105.86 23.25 205.99
105.08 24.29 206.60
104.68 24.10 207.60
105.72 25.14 206.81
103.83 24.59 205.78
103.14 23.74 205.77
103.22 25.74 206.35
103.91 26.86 205.84
103.21 27.56 205.38
104.55 27.49 207.02
104.33 27.22 208.36
103.56 26.54 208.68
105.17 27.83 209.17
106.03 28.49 208.28
107.26 29.23 208.47
107.79 29.67 209.49
107.97 29.39 207.30
108.84 29.90 207.36
107.50 29.06 206.06
108.18 28.09 205.52
107.58 27.64 204.85
108.59 27.44 206.18
106.26 28.71 205.85
105.62 28.32 206.99
104.21 24.96 204.38
104.93 24.25 203.96
104.88 26.29 204.78
105.89 26.11 205.17
105.17 26.95 203.96
102.94 24.80 203.73
102.03 25.95 203.13
101.13 25.40 202.10
101.50 26.86 204.17
103.29 26.60 202.46
103.59 27.95 202.55
104.67 28.05 202.42
103.32 28.40 203.51
102.95 28.64 201.41
101.94 28.97 201.69
103.90 29.71 201.27
104.60 29.47 200.07
104.76 30.46 199.65
105.92 28.73 199.99
106.71 29.34 199.06
106.99 30.37 199.21
106.88 28.72 197.85
107.32 29.24 197.01
106.43 27.37 197.77
106.25 26.72 196.66
105.96 25.79 196.94
105.57 27.16 196.05
106.21 26.66 198.83
106.03 27.32 200.00
106.14 26.70 201.06
102.99 27.75 200.12
103.69 26.93 200.25
103.53 28.83 199.24
103.89 28.47 198.27
102.71 29.54 199.12
101.84 27.18 199.52
101.99 26.28 198.15
103.33 25.67 198.04
100.76 25.50 197.88
102.00 27.42 197.02
101.12 28.48 197.18
101.69 29.40 197.25
100.62 28.38 198.15
100.05 28.64 196.11
99.80 27.67 195.69
99.08 29.16 197.06
99.04 30.57 197.02
97.98 30.79 196.88
99.66 31.79 197.73
98.90 32.89 197.38
97.82 32.80 197.39
99.44 33.95 196.70
98.79 34.69 196.24
100.83 33.93 196.45
101.41 34.73 195.61
102.38 34.48 195.51
100.89 34.85 194.76
101.63 33.08 197.05
101.06 32.06 197.76
101.83 31.45 198.46
100.61 29.71 195.10
101.65 29.95 195.33
99.58 30.60 195.68
100.20 31.50 195.67
98.67 30.54 195.08
100.28 30.25 193.77
100.09 31.94 193.37
99.01 32.67 194.08
101.40 32.60 193.15
99.45 31.42 192.14
100.31 31.10 191.16
101.32 30.91 191.54
99.92 30.19 190.70
100.25 32.36 190.32
100.16 33.27 190.92
101.40 32.37 189.49
101.19 31.38 188.52
101.57 31.74 187.56
101.82 30.06 188.86
102.73 29.73 189.84
103.22 30.47 190.46
102.87 28.44 190.04
101.93 27.87 189.17
101.45 26.53 188.95
101.91 25.44 189.28
100.24 26.49 188.28
99.94 25.58 187.97
99.67 27.56 187.70
98.55 27.88 188.30
98.29 28.85 188.16
98.40 27.52 189.23
100.36 28.66 187.48
101.36 28.84 188.40
98.98 32.08 189.55
98.29 31.45 190.11
99.65 31.25 188.45
99.28 30.27 188.76
99.32 31.40 187.43
98.15 33.16 189.23
97.19 33.05 188.00
96.10 34.02 188.21
96.92 31.63 187.65
98.59 33.62 187.41
99.01 33.83 186.10
98.45 33.25 185.37
100.07 33.61 186.01
98.86 35.34 186.03
99.25 35.76 186.96
99.50 35.96 184.93
98.56 36.03 183.86
98.38 37.02 183.46
99.13 35.17 182.86
100.45 34.82 182.78
101.22 35.38 183.29
100.66 33.71 182.15
99.35 33.36 181.78
98.81 32.39 180.95
99.60 31.90 180.06
100.54 32.25 180.11
99.09 31.79 179.19
97.53 32.32 180.61
96.73 33.25 181.07
95.68 33.18 180.82
97.09 34.31 181.77
98.43 34.30 182.08
97.43 35.74 185.90
96.72 35.07 186.39
97.28 35.46 184.41
97.20 34.38 184.30
96.41 35.82 183.86
97.42 36.97 186.63
97.62 38.48 186.11
98.41 38.62 184.87
97.95 39.32 187.28
96.10 38.66 185.78
95.32 37.72 185.06
94.45 37.66 185.72
95.44 36.65 185.28
94.88 37.97 183.59
95.07 37.13 182.93
93.51 38.08 183.89
93.31 39.42 184.28
92.39 39.57 183.73
93.08 39.59 185.73
92.49 38.67 186.56
91.95 37.82 186.19
92.76 38.85 187.83
93.62 39.97 187.79
94.18 40.80 188.76
93.65 40.82 189.95
92.97 40.09 190.06
93.55 41.78 190.25
94.79 41.95 188.50
94.87 42.29 187.23
95.41 43.20 187.00
94.25 41.72 186.22
93.69 40.52 186.55
95.25 39.28 182.86
96.33 39.44 182.91
94.59 40.20 183.82
95.34 40.37 184.60
94.48 41.24 183.50
94.83 39.48 181.51
93.37 39.19 180.82
93.58 39.49 179.40
92.96 37.83 181.20
92.19 40.18 181.41
92.46 41.34 182.18
93.48 41.64 181.94
92.33 41.21 183.25
91.59 42.53 182.10
90.55 42.22 182.01
91.77 43.37 183.24
92.62 44.42 182.85
92.24 45.32 183.34
94.05 44.26 183.30
94.30 45.15 184.30
93.71 45.08 185.20
95.09 46.22 184.01
95.16 47.05 184.70
95.82 46.15 182.79
96.53 47.13 182.31
96.98 46.84 181.45
96.42 48.07 182.65
95.89 45.10 182.05
95.07 44.06 182.35
95.30 42.99 181.83
92.13 43.23 180.89
93.05 42.81 180.49
92.35 44.65 181.37
93.17 45.12 180.83
91.43 45.24 181.28
91.10 42.97 180.05
91.24 43.26 178.56
92.65 43.39 178.14
90.27 42.37 177.92
90.66 44.74 178.93
89.39 44.95 179.55
89.38 44.56 180.57
89.24 46.03 179.61
88.25 44.30 178.76
88.20 43.23 178.99
87.09 45.03 179.18
86.81 46.05 178.23
85.85 45.79 177.78
86.82 47.50 178.65
87.08 48.36 177.59
86.80 48.03 176.60
88.10 49.25 177.69
88.99 49.36 176.46
88.83 50.29 175.92
88.83 48.51 175.80
90.03 49.29 176.78
88.54 49.72 178.99
89.32 50.64 179.23
87.98 49.04 180.05
88.28 49.31 180.97
87.21 47.89 179.95
86.90 47.33 180.99
88.51 44.53 177.26
89.57 44.66 177.06
87.92 45.89 177.17
88.76 46.55 177.40
87.59 46.13 176.16
88.15 43.58 176.27
88.83 43.72 174.78
89.67 44.95 174.73
89.34 42.44 174.28
87.54 44.07 173.90
86.41 44.68 174.46
86.40 45.73 174.18
86.38 44.61 175.55
85.18 43.93 174.01
85.51 42.94 173.70
84.33 43.86 175.15
83.48 44.97 175.13
82.51 44.59 175.44
83.89 46.01 176.12
83.36 45.85 177.37
83.25 44.85 177.76
82.88 46.93 178.04
82.37 46.81 178.98
83.09 48.19 177.42
82.60 49.30 177.88
82.90 50.10 177.34
81.96 49.30 178.66
83.81 48.38 176.36
84.30 47.30 175.72
85.12 47.52 174.84
84.47 44.74 172.91
85.16 45.51 172.55
83.33 45.42 173.66
83.34 46.50 173.52
82.36 45.07 173.30
83.98 44.07 171.75
83.46 42.54 171.76
82.59 42.38 170.58
84.64 41.70 172.00
82.55 42.74 173.09
82.05 41.80 174.03
81.77 42.44 174.86
81.13 41.37 173.64
82.93 40.71 174.68
83.88 41.15 174.95
82.17 40.47 175.89
81.35 39.34 175.74
81.61 38.60 176.50
79.83 39.42 175.51
79.28 38.61 174.50
79.81 37.71 174.23
78.59 39.22 173.50
78.91 38.84 172.05
78.75 37.78 171.84
79.96 39.07 171.86
78.38 39.47 171.34
77.86 40.45 173.77
77.04 41.00 173.05
78.13 40.98 175.01
77.62 41.82 175.25
79.17 40.62 175.83
79.41 41.33 176.80
83.24 39.40 173.86
83.52 40.21 173.20
81.92 38.91 174.41
81.23 39.26 173.63
81.98 37.83 174.51
82.91 38.94 172.48
82.44 37.43 171.91
81.16 36.97 172.51
82.55 37.40 170.44
83.53 36.46 172.47
84.49 36.94 173.36
84.05 37.14 174.34
85.00 37.82 172.95
85.50 35.89 173.50
85.74 35.60 172.47
86.62 36.39 174.18
86.42 36.14 175.54
87.40 35.89 175.94
85.98 37.42 176.18
87.09 38.14 176.51
87.76 38.47 175.73
87.45 38.15 177.81
88.43 38.51 178.09
86.49 37.69 178.74
86.77 37.60 180.00
85.98 37.44 180.60
87.73 37.75 180.28
85.25 37.40 178.44
84.94 37.37 177.12
83.75 37.24 176.80
84.86 34.77 174.32
83.79 34.93 174.47
85.55 34.87 175.68
84.84 34.92 176.49
86.21 34.02 175.84
85.01 33.55 173.65
86.35 33.17 172.88
86.26 33.42 171.43
87.51 33.60 173.67
86.05 31.65 173.15
86.11 31.15 174.46
85.49 31.73 175.14
85.67 30.16 174.37
87.57 31.08 175.00
87.86 31.99 175.51
87.65 29.92 175.82
87.86 28.81 174.96
88.75 28.27 175.28
86.66 27.95 174.99
85.49 28.11 175.70
85.41 28.84 176.50
84.48 27.41 175.27
85.00 26.78 174.13
84.42 25.98 173.08
83.32 25.45 172.99
85.25 25.84 171.98
84.89 25.27 171.22
86.53 26.25 171.93
86.73 27.15 171.01
87.55 27.69 171.24
85.93 27.71 170.76
87.17 26.70 172.98
86.34 27.05 174.01
88.52 30.78 173.82
88.37 31.45 172.98
88.10 29.37 173.53
87.20 29.38 172.91
88.87 28.82 172.99
89.88 30.65 173.91
90.91 31.22 174.94
91.16 32.66 174.76
90.79 30.58 176.27
91.93 30.37 174.03
91.83 28.95 173.87
90.80 28.60 173.87
92.24 28.69 172.90
92.53 28.18 174.99
92.05 28.49 175.92
92.16 26.81 174.75
93.25 26.12 174.19
93.63 25.38 174.90
93.23 25.59 172.75
94.32 25.90 171.91
95.27 26.15 172.36
94.06 26.45 170.70
94.87 27.67 170.26
95.94 27.48 170.19
94.71 28.46 171.01
94.48 28.11 169.34
92.83 26.11 170.00
92.56 26.34 168.83
91.94 25.42 170.78
91.09 25.11 170.32
92.00 25.28 172.15
91.02 24.84 172.74
94.07 28.52 175.11
93.57 29.48 175.27
94.15 27.33 174.16
94.03 27.76 173.16
95.13 26.88 174.33
94.80 29.38 174.15
96.33 29.16 173.55
96.46 28.05 172.59
97.02 30.44 173.32
96.76 28.53 174.90
96.97 29.34 175.99
96.31 30.21 176.00
96.77 28.72 176.87
98.44 29.73 175.90
98.68 30.18 174.94
98.62 30.63 176.98
98.84 29.83 178.11
99.74 30.20 178.61
97.75 29.64 179.11
96.40 29.95 179.10
95.96 30.65 178.40
95.70 29.29 179.99
96.64 28.46 180.61
96.56 27.37 181.55
95.65 26.98 182.27
97.69 26.57 181.55
97.77 25.93 182.33
98.82 26.84 180.86
98.97 25.99 179.87
99.59 26.28 179.13
98.15 25.49 179.55
99.05 28.05 180.40
97.90 28.75 180.14
99.18 28.40 176.11
98.54 27.56 175.85
99.24 28.46 177.61
98.55 27.67 177.93
100.22 28.28 178.05
100.40 28.06 175.50
101.11 26.65 175.91
100.10 25.73 176.48
102.03 26.22 174.85
101.96 27.19 177.15
102.56 28.47 177.13
101.90 29.24 176.72
102.77 28.76 178.16
103.84 28.47 176.29
103.60 28.01 175.33
104.08 29.88 176.06
105.27 30.26 176.69
106.09 30.30 175.98
105.41 31.28 177.84
106.04 30.90 179.04
106.73 30.07 179.07
105.37 31.09 180.20
105.15 29.87 181.10
105.95 29.71 181.82
105.04 28.98 180.49
104.19 29.95 181.60
104.51 32.25 180.32
104.05 32.71 181.36
104.24 32.87 179.13
103.68 33.71 179.18
104.48 32.33 177.89
103.90 32.81 176.92
104.99 27.59 176.92
104.20 26.85 177.02
105.28 28.98 177.46
104.73 29.13 178.39
106.36 29.04 177.52
105.26 27.13 178.30
106.72 26.77 179.00
106.84 27.50 180.28
106.96 25.32 178.95
107.71 27.50 178.04
107.77 27.14 176.68
106.99 26.45 176.37
107.81 28.02 176.04
109.03 26.40 176.68
109.07 25.78 177.57
109.12 25.57 175.55
109.70 26.29 174.52
110.43 25.65 174.04
108.73 26.69 173.44
109.22 27.68 172.64
110.29 27.81 172.60
108.41 28.67 172.24
109.08 30.01 172.04
109.15 30.27 170.98
110.07 29.99 172.49
108.50 30.75 172.58
106.95 28.55 172.33
106.13 29.36 171.91
106.52 27.40 172.95
105.53 27.28 173.10
107.34 26.45 173.52
106.81 25.45 173.98
110.04 27.53 176.75
109.63 28.52 176.95
110.40 27.50 175.24
110.00 28.44 174.85
111.47 27.55 175.06
110.68 27.18 177.97
112.07 26.55 178.07
112.83 27.59 177.41
112.39 26.13 179.45
111.67 25.22 177.22
112.14 24.83 175.96
111.60 23.94 175.63
111.91 25.54 175.17
113.63 24.59 176.04
113.90 24.29 177.05
113.81 23.55 175.06
114.53 24.05 173.94
115.44 23.47 173.84
113.88 24.13 172.59
112.59 23.89 172.15
111.83 23.48 172.79
112.39 24.21 170.89
113.60 24.82 170.50
114.09 25.49 169.31
113.63 25.50 168.17
115.24 26.23 169.53
115.60 26.80 168.78
115.88 26.35 170.72
115.47 27.46 171.29
116.24 28.04 171.60
114.88 27.34 172.10
115.72 25.36 171.59
114.49 24.76 171.54
114.32 25.88 175.54
113.43 26.45 175.24
114.92 25.48 174.26
114.49 26.20 173.56
116.01 25.58 174.25
114.90 27.05 176.09
114.64 28.50 175.26
113.57 28.41 174.23
114.84 29.72 176.06
115.95 28.35 174.42
117.09 28.02 175.14
117.09 26.95 175.38
117.13 28.59 176.07
118.27 28.30 174.31
118.23 29.35 174.00
119.37 27.99 175.12
119.80 26.71 174.74
120.89 26.79 174.80
119.33 25.66 175.69
120.31 25.62 176.64
120.43 26.48 177.28
121.33 24.76 176.38
122.29 24.90 176.85
121.06 23.74 175.41
121.93 23.28 174.58
121.38 22.78 173.89
122.56 23.99 174.22
119.90 23.50 174.90
118.94 24.43 175.13
117.81 24.17 174.77
118.26 27.34 173.12
117.39 26.68 173.15
119.51 26.50 173.27
119.34 25.47 172.94
120.39 26.87 172.73
118.21 28.06 171.94
