54.39 161.87 225.35
52.99 162.02 225.76
55.28 160.93 226.08
54.47 161.49 223.79
54.32 162.48 222.78
55.10 163.24 222.85
54.43 161.98 221.81
53.01 163.24 222.81
52.73 163.52 223.82
53.21 164.40 222.00
53.00 164.02 220.66
52.44 164.83 220.18
54.25 163.87 219.88
54.84 164.95 219.26
54.85 165.92 219.74
55.15 164.75 218.01
54.95 163.37 217.89
54.95 162.44 216.81
54.93 162.78 215.54
54.79 163.76 215.34
54.67 162.03 214.92
54.81 161.14 216.99
54.61 160.72 218.24
54.51 159.65 218.38
54.48 161.46 219.32
54.62 162.80 219.08
51.91 162.38 222.20
52.12 161.31 222.28
52.01 162.87 220.75
52.16 162.06 220.04
51.08 163.39 220.53
50.65 162.72 222.75
49.84 161.81 223.83
49.60 162.61 225.05
50.35 160.42 223.88
48.41 161.74 223.11
47.88 162.96 222.66
47.81 163.66 223.49
48.60 163.36 221.96
46.55 162.92 221.91
45.72 162.71 222.58
46.59 164.28 221.44
46.87 164.26 220.04
46.37 165.15 219.63
48.29 164.26 219.46
48.52 165.39 218.73
48.27 166.35 219.17
48.82 165.28 217.40
48.82 166.14 216.75
49.07 163.97 216.92
48.59 163.52 215.82
48.48 162.53 215.99
47.76 163.99 215.47
49.27 162.96 217.68
48.96 163.08 218.99
49.43 162.21 219.68
46.53 162.06 220.63
47.59 161.80 220.52
46.02 163.10 219.63
44.97 163.31 219.81
46.18 162.87 218.57
46.00 160.78 220.41
46.20 160.10 218.92
46.04 158.63 218.92
47.22 160.76 218.07
44.84 160.72 218.45
43.68 160.26 219.06
43.90 159.53 219.84
43.15 161.10 219.51
42.88 159.60 217.96
43.55 159.01 217.33
41.93 158.78 218.64
40.75 159.54 218.71
39.91 158.85 218.73
40.64 160.43 219.92
39.80 160.04 220.92
39.94 159.11 221.46
38.66 160.69 220.87
39.02 161.77 220.04
38.35 162.80 219.33
37.07 162.81 219.07
36.57 161.96 219.28
36.84 163.39 218.27
39.01 163.75 218.66
40.33 163.68 218.65
40.86 164.44 218.09
41.09 162.75 219.22
40.36 161.78 219.83
42.16 160.69 217.16
42.38 161.67 217.59
40.72 160.24 217.36
40.02 161.08 217.31
40.47 159.52 216.59
42.41 160.79 215.78
41.79 162.03 214.96
42.38 163.30 215.45
40.32 161.87 214.89
42.41 161.65 213.55
42.10 160.38 213.02
43.04 159.83 212.92
41.47 159.82 213.71
41.40 160.53 211.68
41.10 161.56 211.52
42.43 160.13 210.76
42.13 158.81 210.34
42.54 158.69 209.34
42.65 157.66 211.17
43.66 156.90 210.63
44.62 157.32 210.39
43.19 155.80 210.09
41.92 155.72 210.70
40.73 154.96 210.55
40.42 154.23 209.51
41.04 154.30 208.71
39.43 154.07 209.44
39.70 155.10 211.37
39.81 155.98 212.36
38.96 156.09 213.01
40.84 156.77 212.60
41.83 156.66 211.68
40.20 159.57 211.49
40.20 158.90 212.35
40.62 158.88 210.20
40.17 157.89 210.08
40.39 159.50 209.34
38.87 160.09 211.51
37.69 159.73 210.45
37.82 158.35 209.92
36.38 160.18 210.95
38.16 160.75 209.30
38.62 162.05 209.66
39.68 162.10 209.40
38.54 162.23 210.73
37.90 163.21 208.97
37.92 164.08 209.63
38.60 163.47 207.78
38.07 162.63 206.78
38.05 163.23 205.87
38.95 161.45 206.54
38.59 160.23 206.04
37.87 159.59 206.53
39.07 160.04 204.83
39.89 161.18 204.70
40.32 161.98 203.58
40.24 161.78 202.37
40.73 163.25 203.96
40.69 163.97 203.25
41.03 163.59 205.24
40.70 164.78 205.64
40.55 164.74 206.64
39.97 165.28 205.15
40.91 162.77 206.26
40.17 161.67 205.95
36.47 162.92 208.54
36.05 162.16 209.20
36.61 162.32 207.14
36.40 161.26 207.15
35.95 162.83 206.44
35.58 164.03 208.53
35.83 165.48 207.86
36.78 165.39 206.72
36.07 166.43 208.96
34.37 165.80 207.21
33.22 165.00 207.44
33.47 164.01 207.80
32.73 164.84 206.48
32.15 165.60 208.38
31.36 166.03 207.76
31.62 164.48 209.08
32.14 164.51 210.40
31.40 164.04 211.04
33.40 163.75 210.62
34.54 164.16 211.27
35.04 165.09 211.05
34.84 163.39 212.29
33.94 162.33 212.17
33.45 161.33 213.09
33.73 161.08 214.26
32.33 160.66 212.63
31.88 160.05 213.31
31.81 160.81 211.39
30.52 160.85 211.32
30.31 161.37 210.48
30.05 161.13 212.17
32.22 161.69 210.52
33.27 162.44 210.97
32.56 166.64 209.44
33.64 166.74 209.42
32.17 165.98 210.77
32.87 166.21 211.57
31.15 166.21 211.09
31.97 167.91 209.14
30.50 168.42 209.59
30.17 169.61 208.79
30.43 168.46 211.06
29.55 167.23 209.07
28.21 167.10 209.51
27.88 166.10 209.24
28.17 167.18 210.60
27.23 168.12 208.87
27.77 168.71 208.12
26.23 167.30 208.25
25.15 167.20 209.15
24.23 167.08 208.57
25.19 166.07 210.13
24.41 164.96 209.97
24.32 164.45 209.02
23.59 164.75 210.97
24.09 165.65 211.93
23.65 166.17 213.17
22.44 166.02 213.66
21.75 165.62 213.05
22.23 166.68 214.40
24.40 166.99 213.90
25.57 167.36 213.40
26.16 168.04 214.00
26.07 167.03 212.22
25.25 166.22 211.50
26.52 169.08 209.86
26.93 168.95 210.86
25.07 168.59 209.76
24.57 168.63 210.73
24.52 169.22 209.07
26.51 170.47 209.55
25.81 171.56 210.54
24.35 171.29 210.53
26.51 171.52 211.84
26.07 173.04 209.88
26.11 173.20 208.46
25.84 172.24 208.03
27.14 173.36 208.17
25.22 174.28 207.74
25.87 174.92 207.14
24.46 173.44 206.89
23.20 173.29 207.52
22.50 173.88 206.92
22.63 171.93 207.54
21.79 171.45 208.52
22.11 171.35 209.55
20.55 171.38 208.11
20.70 171.77 206.77
19.85 172.46 205.82
18.64 172.66 205.83
20.60 173.10 204.84
20.46 174.10 204.83
21.84 172.70 204.50
22.66 173.58 204.01
23.59 173.28 204.23
22.50 174.51 204.39
22.55 171.80 205.16
22.00 171.55 206.39
24.13 175.17 208.40
24.53 175.70 209.27
23.24 174.01 208.85
23.72 173.43 209.64
22.26 174.29 209.24
23.64 176.16 207.42
22.11 176.46 206.81
21.42 175.92 207.98
22.74 175.77 205.65
20.90 175.74 205.96
19.89 176.42 205.22
19.34 175.69 204.63
19.19 176.93 205.88
20.54 177.43 204.28
21.53 177.05 204.03
19.80 177.72 203.06
20.15 179.05 202.59
20.54 178.98 201.58
19.07 180.15 202.63
19.10 181.08 203.67
19.24 180.79 204.70
19.45 182.35 203.40
20.48 182.97 204.34
21.31 183.36 203.76
20.06 183.79 204.94
20.89 182.22 205.02
19.11 182.91 202.10
19.28 184.06 201.72
18.54 182.00 201.24
18.15 182.35 200.38
18.64 180.63 201.38
18.47 179.92 200.39
20.59 178.85 204.83
19.50 178.97 204.82
21.27 179.42 203.58
21.50 180.49 203.63
22.20 178.91 203.33
20.92 179.39 206.12
19.74 179.90 207.21
20.31 179.78 208.56
18.52 179.14 206.86
19.28 181.49 207.08
17.89 181.94 207.28
17.40 181.64 206.35
17.43 181.37 208.08
17.64 183.49 207.49
18.29 183.80 208.31
18.14 183.94 206.24
17.17 184.62 205.49
17.69 185.47 205.04
16.33 184.00 204.42
16.01 184.95 203.47
16.80 185.57 203.07
14.72 185.29 203.29
14.46 186.18 202.73
13.75 184.52 203.98
12.56 184.96 204.22
12.13 184.39 204.94
12.52 185.97 204.30
14.01 183.41 204.60
15.31 183.08 204.76
15.55 181.96 205.19
16.23 184.23 207.68
15.41 183.53 207.60
16.27 185.21 206.52
16.73 186.15 206.82
15.26 185.39 206.15
15.98 185.23 208.72
14.65 186.29 208.74
14.78 187.11 209.97
13.44 185.48 208.56
14.69 187.39 207.47
13.49 187.90 206.82
12.89 187.03 206.54
12.90 188.46 207.54
13.68 188.77 205.52
14.74 189.03 205.42
13.28 187.92 204.43
12.08 188.40 203.84
12.32 188.68 202.82
10.98 187.41 203.83
10.40 186.86 202.71
10.93 186.70 201.79
9.10 186.73 202.84
8.90 187.05 204.20
7.79 187.36 205.02
6.59 187.61 204.56
6.47 187.63 203.55
5.96 188.05 205.22
7.92 187.62 206.32
9.14 187.59 206.83
9.23 187.79 207.89
10.27 187.42 206.17
10.09 187.18 204.85
12.83 190.08 205.36
12.49 190.35 206.36
11.63 189.69 204.54
10.77 189.59 205.20
11.35 190.45 203.80
13.44 191.28 204.82
13.82 191.61 203.26
15.01 192.47 203.29
13.86 190.35 202.50
12.64 192.50 202.56
11.80 193.42 203.25
10.79 193.06 203.04
11.94 193.30 204.32
11.82 194.92 202.84
12.22 195.02 201.83
10.42 195.22 202.84
10.06 195.89 204.03
9.18 196.51 203.84
9.81 195.08 205.29
10.85 194.86 206.18
11.84 194.59 205.82
10.76 195.26 207.47
12.05 195.43 208.26
12.10 196.46 208.61
12.07 194.76 209.12
12.92 195.26 207.63
9.47 195.66 208.01
9.23 196.10 209.14
8.41 195.50 207.14
7.49 195.75 207.49
8.52 195.24 205.80
7.50 195.27 205.11
12.47 196.00 203.76
13.00 195.52 204.59
11.24 196.81 204.21
11.31 197.15 205.24
11.11 197.68 203.57
13.39 196.91 203.18
13.89 198.27 203.94
13.64 199.38 203.00
13.29 198.36 205.29
15.46 198.09 204.18
16.41 198.49 203.22
15.92 198.77 202.29
17.05 197.64 203.01
17.31 199.64 203.71
18.22 199.20 204.11
17.60 200.38 202.55
16.72 201.50 202.49
17.33 202.33 202.12
15.60 201.32 201.51
14.31 201.79 201.59
13.68 201.62 202.46
14.00 202.58 200.60
15.15 202.50 199.80
15.75 203.39 198.84
15.31 204.40 198.30
17.10 203.14 198.64
17.64 203.91 198.28
17.72 202.01 199.06
18.93 202.11 199.51
19.10 201.35 200.16
19.31 203.00 199.78
17.13 201.05 199.72
15.90 201.41 200.19
16.75 200.67 204.71
15.89 200.26 205.24
16.29 201.87 203.90
15.22 202.04 204.01
16.83 202.77 204.19
17.68 201.16 205.67
19.23 201.45 205.35
19.34 202.19 204.06
19.98 200.20 205.58
19.48 202.48 206.53
19.31 203.87 206.35
18.79 204.08 205.42
18.69 204.25 207.16
20.67 204.58 206.31
20.97 204.65 205.26
20.47 205.87 206.88
20.73 205.76 208.26
21.19 206.69 208.59
19.48 205.60 209.07
18.80 206.66 209.58
18.71 207.59 209.04
18.47 206.53 210.84
18.79 205.18 211.07
18.91 204.34 212.21
18.93 204.80 213.45
18.93 205.80 213.57
19.27 204.13 214.13
19.19 203.05 212.13
19.39 202.55 210.91
19.62 201.50 210.84
19.43 203.23 209.78
19.16 204.55 209.92
21.85 203.97 207.09
21.74 202.89 207.21
21.80 204.68 208.44
21.65 203.98 209.25
22.74 205.20 208.66
23.03 204.30 206.39
24.47 203.69 206.78
25.39 203.92 205.65
24.29 202.36 207.40
24.88 204.72 207.94
26.02 204.48 208.74
25.81 204.92 209.71
26.17 203.41 208.88
27.25 205.17 208.11
26.93 205.48 207.11
27.33 206.35 208.92
28.43 206.17 209.73
28.85 207.15 209.93
28.23 205.50 211.07
28.91 206.18 212.05
28.59 207.18 212.31
30.08 205.65 212.47
30.76 206.21 213.10
30.36 204.32 212.02
31.52 203.76 212.05
31.87 203.77 211.10
31.34 202.76 212.10
29.40 203.52 211.65
28.25 204.10 211.24
27.22 203.44 211.24
28.64 204.40 207.90
28.01 203.54 208.14
29.34 205.54 208.71
29.57 206.31 207.97
30.31 205.35 209.15
29.44 203.52 208.68
30.81 202.75 208.20
30.47 201.54 207.43
31.59 202.60 209.46
31.78 203.68 207.29
31.41 204.39 206.12
30.74 205.18 206.45
32.31 204.87 205.74
30.71 203.64 204.95
30.64 202.57 205.17
29.42 204.24 204.89
29.50 205.37 204.05
28.71 205.23 203.31
29.25 206.68 204.74
28.14 207.44 204.47
27.15 207.01 204.41
28.45 208.63 204.01
29.83 208.69 204.29
30.92 209.51 203.92
30.90 210.35 202.91
30.09 210.30 202.31
31.82 210.61 202.58
32.14 209.38 204.44
32.31 208.38 205.29
33.30 208.28 205.72
31.44 207.45 205.63
30.21 207.62 205.05
31.34 203.88 203.54
32.43 203.87 203.62
30.83 205.29 203.28
31.59 206.00 203.64
30.67 205.51 202.23
30.92 202.90 202.57
31.25 202.88 200.95
30.71 204.12 200.35
30.77 201.58 200.43
32.85 202.91 200.64
33.65 203.95 201.15
32.99 204.78 201.38
34.05 203.60 202.10
34.78 204.55 200.29
34.33 205.14 199.49
35.24 205.39 201.37
36.49 204.94 201.83
37.06 205.86 201.95
36.82 204.08 203.02
37.98 204.57 203.58
38.01 205.61 203.86
39.13 203.86 203.47
40.08 204.32 203.69
39.01 202.54 202.97
40.05 201.86 202.59
39.78 201.01 202.11
40.88 202.38 202.34
37.88 201.93 202.78
36.74 202.67 202.88
35.67 202.09 202.84
36.01 203.75 199.73
35.87 202.68 199.86
37.06 204.34 200.62
37.45 205.24 200.15
37.85 203.60 200.79
36.58 204.06 198.42
38.20 204.00 197.93
39.16 204.39 198.99
38.20 204.85 196.73
38.62 202.46 197.58
39.34 201.61 198.50
39.01 201.81 199.52
39.03 200.59 198.26
40.90 201.53 198.51
41.21 200.98 199.40
41.29 200.77 197.38
41.59 201.67 196.33
42.60 201.46 195.98
40.64 201.44 195.21
40.73 200.34 194.39
40.93 199.36 194.79
40.77 200.63 193.12
40.49 202.00 193.13
40.53 203.07 192.20
41.17 203.01 191.05
41.79 202.22 190.94
41.35 203.91 190.64
40.11 204.30 192.47
39.68 204.52 193.70
39.33 205.50 193.96
39.73 203.66 194.69
40.15 202.42 194.37
41.78 202.80 198.46
41.32 203.61 199.02
41.59 203.07 196.97
40.63 203.57 196.88
42.26 203.77 196.48
43.06 202.55 199.11
44.48 202.25 198.39
45.59 202.82 199.20
44.54 200.85 197.94
44.29 203.17 197.14
45.24 203.53 196.21
44.89 204.45 195.76
46.13 203.76 196.80
45.54 202.54 195.07
44.62 202.13 194.66
46.17 203.41 194.16
47.51 203.57 194.57
48.09 203.58 193.65
47.80 204.88 195.26
48.37 204.86 196.52
48.01 204.20 197.29
49.55 205.47 196.72
50.41 204.94 197.86
51.33 204.54 197.42
50.65 205.73 198.57
49.91 204.12 198.36
50.02 206.48 195.78
51.07 207.12 195.84
49.14 206.75 194.75
49.36 207.50 194.12
48.04 205.98 194.43
47.38 206.30 193.46
46.56 201.42 195.33
46.35 200.99 196.31
47.80 202.29 195.44
47.87 202.46 196.52
48.73 201.77 195.24
46.54 200.31 194.42
47.49 199.98 193.12
47.15 200.96 192.07
49.76 201.36 193.13
49.03 202.16 193.06
50.45 201.60 193.95
50.50 201.45 191.81
49.94 202.10 191.14
49.30 187.87 169.49
50.00 186.08 167.65
50.15 185.00 167.67
50.12 186.44 166.63
50.76 186.51 168.30
52.86 186.77 170.32
52.54 188.73 171.87
52.53 189.43 173.11
53.21 190.79 173.08
52.81 191.41 172.27
53.02 191.44 174.34
54.25 191.56 175.01
54.28 192.54 175.49
54.48 190.57 176.11
58.04 188.82 175.90
57.08 188.41 175.08
57.37 187.76 174.27
54.71 190.57 172.88
54.94 189.55 173.19
55.28 191.58 173.88
56.28 191.31 174.20
55.29 192.58 173.46
55.09 190.61 171.52
56.36 191.35 170.95
57.46 191.43 171.94
56.61 190.89 169.58
55.54 192.72 170.95
56.10 193.94 171.34
55.32 194.59 171.72
56.87 193.81 172.10
56.67 194.55 170.08
56.02 194.24 169.26
56.61 195.95 170.25
57.90 196.43 170.51
57.98 197.40 170.02
58.10 196.56 171.98
59.08 195.76 172.52
59.04 194.70 172.34
60.27 196.36 172.82
61.53 195.52 172.77
62.18 195.93 171.99
62.05 195.57 173.73
61.31 194.48 172.51
60.33 197.82 172.95
61.33 198.50 173.12
59.11 198.45 172.89
59.08 199.45 172.98
57.97 197.88 172.41
56.98 198.58 172.27
58.14 194.16 169.82
58.50 193.48 170.59
58.90 195.48 169.83
59.88 195.36 170.29
59.12 195.85 168.83
58.43 193.59 168.59
57.72 194.09 167.27
57.35 195.52 167.36
56.75 193.09 166.82
59.07 194.03 166.44
59.03 193.52 165.16
60.06 193.37 164.81
58.52 192.56 165.18
58.34 194.50 164.19
58.84 195.46 164.25
58.59 193.87 162.95
57.54 192.95 162.78
57.25 193.01 161.73
57.99 191.54 162.92
58.56 190.93 161.84
59.34 191.41 161.26
57.87 189.91 161.40
56.94 189.75 162.43
55.73 189.04 162.60
55.06 188.52 161.59
55.37 188.83 160.68
54.10 188.30 161.81
55.06 189.03 163.75
55.57 189.74 164.76
55.04 189.74 165.70
56.64 190.51 164.71
57.24 190.54 163.50
56.82 194.75 164.24
56.38 194.80 165.23
56.31 193.46 163.58
56.00 192.79 164.38
55.45 193.62 162.94
56.61 196.04 163.68
55.72 196.37 162.42
54.35 195.84 162.60
55.92 197.81 162.15
56.58 195.46 161.41
56.03 194.59 160.42
55.06 194.22 160.76
56.67 193.73 160.22
55.92 195.24 159.07
56.15 194.50 158.30
54.56 195.50 159.08
54.30 196.85 158.99
53.88 196.99 157.99
53.16 197.14 159.88
52.95 198.07 160.87
53.75 198.44 161.49
51.70 198.51 160.91
51.05 197.71 159.95
49.76 197.78 159.30
48.83 198.56 159.44
49.60 196.85 158.28
48.83 196.98 157.63
50.47 195.85 158.03
50.51 195.37 156.83
51.18 194.62 156.84
51.02 195.99 156.21
51.65 195.78 158.57
51.90 196.74 159.51
56.76 196.52 158.90
57.46 196.64 159.72
55.64 197.59 159.01
55.76 198.21 159.90
55.68 198.24 158.13
57.50 196.73 157.70
58.50 195.70 156.93
59.84 195.75 157.54
57.85 194.40 156.71
58.61 196.47 155.49
57.49 196.61 154.62
57.84 196.92 153.63
56.96 195.66 154.51
56.53 197.69 155.11
56.75 197.96 156.15
56.78 198.89 154.40
55.58 199.58 154.24
55.72 200.63 154.49
55.14 199.47 152.81
53.81 199.16 152.61
53.33 198.42 153.24
53.05 200.04 151.92
51.61 200.17 152.36
51.44 201.20 152.65
50.92 199.89 151.56
51.42 199.56 153.25
53.67 200.99 151.01
53.11 201.87 150.36
55.04 200.87 150.92
55.53 201.41 150.22
55.82 200.26 151.87
57.01 200.55 151.89
55.02 197.39 155.03
54.78 197.06 154.02
54.65 198.88 155.27
54.92 199.21 156.27
53.59 199.10 155.15
54.43 196.49 155.99
54.16 194.87 155.72
53.98 194.06 156.93
55.01 194.40 154.63
52.67 194.83 155.20
52.37 194.52 153.87
51.42 195.04 153.76
53.09 195.12 153.31
52.26 193.03 153.31
52.09 192.35 154.15
51.07 193.37 152.60
51.49 193.85 151.32
50.61 193.83 150.68
52.25 195.14 151.03
51.52 196.00 150.26
50.46 196.11 150.47
52.07 196.51 149.13
51.47 197.05 148.41
53.44 196.19 148.88
54.07 196.33 147.78
54.88 195.74 147.82
53.51 196.36 146.94
54.21 195.62 149.73
53.67 195.18 150.86
54.49 194.88 151.70
53.12 192.32 152.16
54.14 192.72 152.17
52.30 192.70 150.93
51.56 191.92 150.71
52.89 192.94 150.05
53.28 190.88 151.95
53.59 190.17 150.44
54.58 189.08 150.60
52.27 189.81 149.86
54.22 191.25 149.38
54.44 190.91 148.02
53.86 190.00 147.82
55.48 190.60 147.95
54.21 191.94 146.86
55.03 192.65 146.87
54.35 191.06 145.76
53.06 190.73 145.29
53.16 190.40 144.26
52.27 189.69 146.02
51.07 189.83 146.69
50.93 190.54 147.49
50.10 189.17 146.12
50.79 188.44 145.13
54.50 188.10 143.06
53.15 187.99 144.64
52.14 188.50 145.38
52.88 192.72 146.53
52.17 192.59 147.34
52.35 192.04 145.26
51.26 191.97 145.24
52.70 192.51 144.34
53.10 194.12 146.29
52.40 195.06 145.14
52.62 196.47 145.49
53.31 194.75 143.87
54.72 194.56 143.99
54.89 193.62 144.50
55.17 195.37 144.57
