222.33 47.45 267.39
222.86 48.37 268.43
222.76 47.49 265.99
220.73 47.54 267.38
220.06 48.09 268.47
219.95 47.35 269.26
220.66 48.91 268.85
218.71 48.67 268.09
218.29 48.10 267.26
218.06 48.43 269.33
218.12 49.61 270.09
217.18 49.62 270.63
219.22 50.02 271.04
220.47 50.57 270.75
221.24 50.10 270.16
220.59 51.82 271.10
219.36 52.05 271.72
218.50 53.16 271.78
218.77 54.28 271.15
217.95 54.69 270.70
219.65 54.32 270.67
217.24 53.05 272.18
216.83 51.86 272.58
215.80 51.79 272.88
217.51 50.72 272.58
218.75 50.87 272.03
218.67 50.20 267.79
219.69 50.57 267.69
218.00 50.68 269.06
216.92 50.79 268.89
218.42 51.65 269.35
217.80 50.69 266.76
217.41 52.29 266.56
216.46 52.38 265.44
217.05 52.95 267.84
218.77 52.95 266.10
219.95 53.05 266.90
219.71 53.11 267.96
220.57 52.18 266.71
220.76 54.29 266.52
220.82 54.97 267.37
222.06 53.91 266.11
222.13 53.83 264.67
222.80 54.61 264.30
222.48 52.48 264.17
221.81 52.03 263.05
221.62 52.72 262.24
221.18 50.84 263.09
220.50 50.54 262.30
221.37 50.07 264.27
221.15 48.80 264.20
221.56 48.37 265.01
221.47 48.41 263.33
222.25 50.36 265.19
222.89 51.55 265.13
223.85 51.77 265.86
220.22 55.04 265.32
219.14 55.21 265.33
220.70 54.14 264.21
220.71 54.58 263.21
220.05 53.27 264.18
220.92 56.22 265.35
220.89 57.20 264.16
222.27 57.72 264.11
220.12 56.74 262.99
219.92 58.08 265.04
220.18 59.41 265.22
219.54 59.78 266.02
221.23 59.50 265.52
219.88 60.15 263.92
218.91 59.83 263.54
219.84 61.47 264.40
221.10 62.01 264.09
221.02 63.10 264.09
222.25 61.64 264.97
223.36 60.84 264.70
223.33 59.85 264.26
224.48 61.49 264.87
224.02 62.71 265.37
224.53 64.01 265.39
225.65 64.31 264.77
226.00 63.59 264.17
225.89 65.29 264.69
223.80 65.05 265.81
222.57 64.80 266.23
221.96 65.64 266.53
221.94 63.65 266.24
222.72 62.64 265.76
220.92 60.09 262.79
221.84 59.59 263.09
221.26 61.56 262.68
220.46 62.09 262.16
222.25 61.74 262.27
220.52 59.47 261.58
221.61 59.14 260.43
222.94 58.78 260.99
221.01 58.41 259.29
221.71 60.65 260.03
220.57 61.38 259.66
219.67 60.77 259.65
220.43 62.26 260.29
220.79 61.95 258.31
220.60 61.15 257.59
219.93 63.05 258.18
220.66 64.22 258.45
220.34 64.95 257.70
220.36 64.77 259.80
221.29 65.06 260.77
221.92 64.32 261.24
221.57 66.34 260.77
220.56 66.82 259.91
220.44 67.87 258.99
221.44 68.66 258.65
222.35 68.34 258.92
221.28 69.21 257.82
219.40 67.97 258.16
218.47 67.03 258.22
217.66 67.08 257.51
218.46 65.97 259.00
219.58 65.88 259.78
222.20 62.52 258.18
222.89 62.18 258.95
222.15 64.02 258.22
222.47 64.49 257.28
222.82 64.39 259.00
222.67 62.03 257.00
222.10 62.31 255.55
220.69 61.91 255.37
222.59 63.62 255.08
223.02 61.09 255.12
224.41 60.99 255.43
224.71 61.49 256.35
224.64 59.94 255.59
225.28 61.52 254.30
226.02 62.16 254.78
225.88 60.43 253.63
224.97 60.04 252.63
225.49 59.42 251.90
223.86 59.25 253.21
222.50 59.34 253.03
221.94 60.27 253.07
222.01 58.21 252.60
223.16 57.40 252.75
223.67 56.34 252.01
223.05 56.00 250.91
222.32 56.65 250.65
223.39 55.22 250.36
224.91 55.87 252.17
225.65 56.45 253.12
226.67 56.12 253.25
225.32 57.48 253.86
224.08 57.96 253.57
224.59 62.25 253.14
223.56 62.52 253.37
224.52 61.32 251.95
225.22 61.61 251.17
223.50 61.27 251.55
225.24 63.44 252.85
226.78 63.64 252.52
227.69 63.02 253.50
226.99 63.40 251.08
226.73 65.21 252.88
225.54 66.00 252.72
224.67 65.58 253.23
225.71 66.95 253.23
225.17 66.25 251.24
224.47 65.49 250.89
224.60 67.55 251.22
225.63 68.52 251.05
225.39 69.11 250.16
225.80 69.37 252.27
227.08 69.59 252.73
227.90 69.58 252.02
227.33 69.72 254.05
228.35 69.80 254.41
226.20 69.76 254.88
226.32 70.43 255.97
227.19 70.93 256.05
225.41 70.84 256.18
224.97 69.80 254.46
224.72 69.58 253.14
223.56 69.71 252.77
226.37 66.36 250.29
227.11 65.59 250.50
226.91 67.67 250.80
227.66 68.13 250.17
227.42 67.41 251.73
226.00 66.20 248.94
225.74 67.34 247.85
225.94 66.65 246.56
224.46 68.01 248.14
226.89 68.47 248.04
228.03 68.56 247.22
228.90 68.85 247.82
228.25 67.58 246.81
227.84 69.63 246.11
227.74 70.60 246.60
229.03 69.58 245.34
228.83 68.65 244.28
229.45 68.97 243.44
229.22 67.26 244.64
228.43 66.13 244.68
227.38 66.14 244.90
229.04 65.07 244.21
230.35 65.53 244.07
231.50 65.04 243.44
231.44 64.00 242.64
230.50 63.66 242.49
232.22 63.86 242.01
232.66 65.70 243.44
232.67 66.88 244.05
233.61 67.41 244.06
231.65 67.53 244.59
230.50 66.80 244.54
226.68 69.39 245.12
226.07 68.60 245.55
227.34 68.74 243.90
227.21 69.30 242.97
226.87 67.78 243.69
225.68 70.36 244.81
225.79 71.98 244.74
224.48 72.55 245.08
227.03 72.48 245.39
225.97 72.10 243.16
227.21 71.76 242.58
227.79 71.14 243.26
227.04 71.24 241.64
228.11 72.94 242.40
228.46 73.26 243.38
229.18 72.51 241.58
228.89 72.76 240.21
229.70 73.35 239.78
228.69 71.51 239.42
227.86 71.57 238.32
227.66 72.52 237.86
227.26 70.44 237.86
226.57 70.48 237.03
227.57 69.25 238.54
227.59 68.16 237.86
228.19 67.54 238.38
227.74 68.34 236.88
228.50 69.14 239.45
229.09 70.26 239.92
230.04 70.08 240.68
227.48 74.10 241.67
226.44 74.24 241.97
227.58 73.58 240.24
227.57 74.36 239.48
226.71 72.95 240.08
228.25 75.17 242.14
229.24 76.04 241.30
229.56 77.15 242.21
230.32 75.26 240.66
228.25 76.50 240.13
227.81 77.81 240.03
226.80 77.84 239.62
227.75 78.23 241.03
228.74 78.60 239.11
228.54 78.33 238.07
228.31 79.90 239.38
229.14 80.41 240.40
229.43 81.41 240.09
228.34 80.50 241.64
228.81 80.24 242.90
229.19 79.28 243.21
229.02 81.36 243.54
228.40 82.26 242.66
228.52 83.63 242.41
229.52 84.29 242.96
230.30 83.70 243.23
229.42 85.27 243.16
227.81 84.25 241.46
227.02 83.49 240.71
226.50 83.97 239.90
226.83 82.19 240.80
227.59 81.62 241.78
230.27 78.65 239.35
230.65 77.65 239.59
230.41 79.57 240.54
231.32 80.17 240.49
230.50 79.03 241.48
231.01 79.14 238.24
230.92 80.67 237.70
231.46 81.64 238.69
229.61 80.90 237.08
232.00 80.58 236.55
232.06 81.62 235.61
233.06 81.57 235.17
231.99 82.58 236.12
230.97 81.55 234.51
230.17 82.24 234.73
231.72 81.91 233.36
232.22 80.74 232.71
231.83 80.74 231.69
233.72 80.67 232.71
234.30 79.44 233.02
233.72 78.54 232.85
235.44 79.35 233.72
235.72 78.04 234.43
236.44 77.43 233.88
236.10 78.26 235.42
234.78 77.50 234.56
236.26 80.54 233.98
237.35 80.58 234.53
235.70 81.71 233.51
236.17 82.57 233.75
234.48 81.84 232.90
234.18 82.98 232.54
230.38 80.16 234.16
230.15 79.61 235.07
231.59 79.56 233.50
232.23 79.21 234.32
231.32 78.72 232.86
229.27 80.03 233.27
228.69 81.18 232.29
227.91 82.16 233.07
229.74 81.62 231.35
227.67 80.34 231.39
228.13 79.35 230.49
229.03 78.88 230.90
227.37 78.57 230.53
228.38 79.70 228.97
229.39 79.39 228.69
227.41 78.88 228.37
226.21 79.63 228.18
225.96 79.60 227.12
225.10 79.04 228.96
224.16 79.86 229.54
224.22 80.93 229.39
223.13 79.33 230.23
222.37 79.98 230.65
223.10 77.93 230.34
221.95 77.37 230.25
221.23 78.02 229.96
222.11 76.50 229.76
223.94 77.11 229.76
224.98 77.63 229.07
225.68 76.81 228.49
228.04 81.04 228.29
228.53 81.86 228.82
226.56 81.08 228.56
226.05 81.82 227.94
226.39 81.30 229.61
228.17 81.27 226.85
228.33 80.23 225.57
229.77 80.09 225.24
227.47 79.03 225.63
227.64 81.13 224.41
226.22 81.31 224.41
225.72 80.35 224.39
225.96 81.74 225.38
225.60 82.20 223.29
224.93 81.57 222.70
224.82 83.15 224.00
225.67 84.25 224.25
225.05 85.15 224.30
226.42 84.20 225.53
227.78 84.02 225.71
228.36 83.28 225.17
228.34 85.00 226.38
227.21 85.69 226.84
227.00 86.96 227.41
227.96 87.85 227.52
228.87 87.55 227.18
227.73 88.77 227.86
225.78 87.42 227.69
224.76 86.63 227.39
223.77 87.01 227.60
224.79 85.45 226.81
226.06 85.04 226.54
226.46 83.05 222.33
227.43 82.58 222.17
226.61 84.38 223.06
226.27 85.22 222.45
227.65 84.55 223.30
225.81 83.25 221.07
226.36 84.25 219.90
227.72 84.70 220.25
226.12 83.59 218.60
225.40 85.56 219.97
224.06 85.45 220.40
223.73 84.42 220.25
224.06 85.62 221.48
223.01 86.34 219.70
222.95 86.04 218.65
221.81 86.03 220.38
221.61 86.96 221.42
220.54 87.14 221.48
222.05 86.43 222.74
223.02 86.91 223.59
223.95 87.35 223.24
222.62 86.99 224.83
221.39 86.31 224.77
220.30 86.14 225.65
220.19 86.76 226.80
220.93 87.40 227.04
219.29 86.68 227.26
219.21 85.46 225.30
219.17 84.95 224.08
218.29 84.41 223.79
220.07 85.09 223.12
221.16 85.78 223.54
223.11 87.88 219.81
224.16 88.13 219.96
222.32 88.26 221.05
221.58 89.02 220.83
222.98 88.66 221.82
222.62 88.67 218.72
221.20 88.49 217.93
221.18 89.57 216.92
221.10 87.09 217.47
219.94 88.77 218.95
219.56 90.07 219.40
220.30 90.79 219.03
219.64 90.10 220.48
218.13 90.57 219.03
217.39 90.06 219.65
218.17 91.98 219.30
218.16 92.69 218.06
217.15 93.01 217.81
218.99 93.92 217.92
219.36 94.20 216.63
218.83 93.73 215.81
220.52 94.83 216.37
221.15 94.48 215.04
221.12 95.32 214.34
222.18 94.18 215.23
220.66 93.61 214.61
221.22 95.54 217.43
222.23 96.23 217.31
220.65 95.41 218.68
221.10 95.88 219.45
219.63 94.54 219.00
219.39 94.39 220.20
217.75 90.43 217.54
218.21 89.52 217.17
218.59 91.60 217.06
219.65 91.40 217.16
218.45 91.78 216.00
216.36 90.40 217.09
215.04 91.40 217.32
215.27 92.35 218.43
213.86 90.53 217.40
214.85 92.34 215.99
215.79 92.38 214.92
215.51 91.60 214.21
216.75 92.02 215.29
216.05 93.73 214.16
216.87 94.27 214.63
216.37 93.23 212.87
215.14 93.20 212.13
215.28 93.90 211.30
214.84 91.88 211.53
215.76 90.93 211.21
216.77 91.19 210.90
215.37 89.72 211.49
214.07 89.94 211.99
213.18 89.16 212.82
213.25 87.99 213.18
212.13 89.90 213.33
211.72 89.55 214.19
211.77 91.12 212.86
211.05 91.89 213.62
211.00 91.69 214.61
211.02 92.85 213.31
212.43 91.77 211.93
213.65 91.20 211.66
214.93 94.75 213.79
214.44 95.18 214.67
214.04 93.79 213.09
213.35 93.52 213.88
213.97 92.80 213.52
215.24 95.79 212.83
214.15 96.39 211.74
214.56 97.76 211.39
213.92 95.43 210.63
212.79 96.44 212.64
211.72 95.48 212.52
211.48 95.19 213.54
212.05 94.59 211.97
210.40 95.91 211.88
209.85 95.00 211.61
209.67 96.63 212.86
209.87 98.03 212.69
208.91 98.51 212.52
210.63 98.72 213.79
211.55 99.67 213.39
211.41 100.18 212.45
212.77 99.74 213.97
213.90 100.24 213.10
214.15 101.28 213.31
214.77 99.60 213.28
213.64 100.11 212.05
213.01 99.08 215.26
214.02 99.16 215.95
211.94 98.35 215.73
212.07 97.85 216.59
210.79 98.07 215.03
210.00 97.28 215.56
210.47 96.77 210.62
211.35 96.52 210.02
210.72 98.07 211.40
211.80 98.11 211.57
210.63 99.03 210.90
209.28 96.56 209.83
208.20 97.70 209.54
207.48 97.46 208.27
207.46 97.96 210.78
209.25 98.86 209.29
209.00 100.22 209.22
209.90 100.73 208.87
208.30 100.03 208.40
208.20 101.18 210.13
208.67 101.32 211.10
208.26 102.36 209.33
207.25 102.31 208.33
206.96 103.34 208.10
207.68 101.67 207.06
207.32 100.46 206.46
206.88 99.63 206.99
207.52 100.44 205.18
208.16 101.66 205.00
208.33 102.49 203.89
207.66 102.18 202.80
207.05 101.39 202.94
207.61 102.85 202.05
208.91 103.69 203.96
209.33 104.07 205.17
209.80 105.04 205.25
209.14 103.46 206.32
208.51 102.27 206.16
206.67 100.95 210.24
206.46 99.88 210.21
206.08 101.56 208.97
205.26 102.25 209.18
205.67 100.77 208.34
205.95 101.46 211.36
206.46 102.54 212.44
206.71 101.89 213.74
207.43 103.49 211.86
205.07 103.31 212.51
204.57 103.93 211.34
203.61 103.48 211.09
205.25 103.77 210.50
204.43 105.45 211.46
205.34 105.93 211.08
203.29 105.69 210.64
202.18 105.90 211.50
202.00 106.98 211.48
200.90 105.20 211.19
200.22 104.71 212.28
200.34 105.20 213.23
199.65 102.71 213.55
200.01 101.70 213.36
200.36 103.16 214.25
200.70 104.65 209.91
201.12 105.10 208.85
204.09 106.00 212.85
204.73 105.58 213.63
202.71 105.43 212.90
202.73 104.34 212.99
202.20 105.81 213.78
204.09 107.43 212.83
202.98 108.47 213.46
203.23 108.48 215.04
202.17 108.81 215.92
202.54 108.64 216.93
202.15 111.10 217.95
201.73 112.00 218.39
202.86 110.28 219.01
204.25 110.35 219.09
204.76 111.23 218.71
204.98 109.23 219.23
206.32 109.17 218.51
207.16 109.20 219.20
206.36 108.24 217.94
206.40 109.97 217.77
204.37 108.03 219.79
204.94 107.00 220.13
203.02 108.13 220.00
202.56 107.30 220.34
202.21 109.16 219.57
202.74 111.31 215.50
203.52 110.80 214.94
203.20 111.50 216.91
204.06 110.83 216.86
203.52 112.52 217.13
205.17 112.52 215.27
206.23 112.83 216.18
207.09 112.54 215.58
206.23 112.12 217.00
206.46 114.25 216.78
205.51 114.73 217.02
207.23 114.10 217.98
208.62 114.27 217.70
209.01 115.16 218.19
209.39 113.06 218.07
208.94 112.07 218.92
208.33 112.29 219.78
209.14 110.87 218.45
209.82 111.12 217.25
210.04 110.33 216.06
209.77 109.17 215.81
210.56 111.07 215.01
210.47 110.67 214.09
211.09 112.31 215.16
211.32 112.99 214.08
210.84 112.77 213.22
211.66 113.93 214.22
211.07 113.00 216.29
210.29 112.41 217.25
207.27 115.12 215.83
207.01 114.92 214.79
208.60 114.49 216.18
208.71 113.57 215.61
209.46 115.09 215.88
207.11 116.51 216.10
208.28 117.59 216.32
208.76 117.34 217.70
207.69 118.90 216.02
209.48 117.32 215.21
210.87 116.97 215.42
211.40 117.37 214.55
211.08 115.90 215.36
211.55 117.49 216.71
210.88 117.37 217.56
212.68 116.71 217.13
213.83 117.28 216.60
214.58 117.49 217.36
214.38 116.40 215.50
213.91 115.14 215.22
213.64 114.43 215.99
213.61 114.98 213.97
213.97 116.22 213.41
213.51 116.93 212.25
212.80 116.53 211.32
213.85 118.27 212.28
213.07 118.89 212.11
214.78 118.79 213.12
214.69 120.07 213.34
213.76 120.46 213.26
215.26 120.46 214.08
215.39 118.10 214.09
214.81 116.87 214.28
211.80 119.00 216.63
210.79 119.08 216.25
213.22 118.57 216.06
213.14 118.38 214.99
213.97 119.34 216.23
212.03 119.94 215.59
211.83 119.92 213.01
212.37 121.50 214.79
212.11 122.27 215.99
212.58 121.80 216.85
213.04 123.35 219.18
214.25 123.06 219.77
214.43 121.95 220.50
215.85 121.44 220.56
216.36 121.74 221.47
215.83 120.35 220.48
216.39 121.80 219.68
213.28 121.18 220.96
213.31 120.21 221.71
212.06 121.67 220.53
211.23 121.15 220.78
211.87 122.70 219.63
214.47 122.44 215.89
214.51 125.23 216.92
216.88 122.52 215.06
217.15 125.89 216.79
217.84 125.92 217.63
216.18 125.95 217.28
217.29 127.22 216.00
217.79 127.07 215.04
215.98 127.83 215.88
215.80 128.81 216.92
216.00 129.80 216.52
214.47 128.76 217.60
213.35 128.11 217.17
213.07 128.02 216.13
212.75 127.46 218.14
213.55 127.74 219.25
213.84 127.04 220.48
215.48 128.75 220.88
216.72 128.95 221.25
217.16 129.71 220.75
215.16 129.48 219.83
214.30 128.85 218.98
218.06 128.17 216.94
218.91 127.68 217.41
216.91 128.39 217.89
216.63 127.52 218.50
217.21 129.12 218.65
218.41 129.47 216.50
219.30 130.48 217.41
220.39 129.66 217.98
219.61 131.63 216.56
218.45 131.00 218.70
217.13 131.56 218.70
216.42 130.95 218.14
216.79 131.53 219.74
216.91 132.97 218.21
216.62 132.97 217.16
215.86 133.46 219.07
216.38 134.49 219.89
216.11 135.43 219.40
215.98 134.57 221.33
216.94 134.93 222.26
217.77 135.55 221.97
216.85 134.51 223.53
217.63 134.76 224.23
215.64 133.89 223.90
215.37 133.90 225.15
216.03 134.42 225.70
214.37 134.01 225.28
214.61 133.73 223.10
214.75 134.07 221.79
213.75 134.01 221.07
218.14 133.83 218.41
219.08 133.28 218.28
217.89 134.17 219.85
218.55 134.98 220.18
218.11 133.30 220.47
218.12 134.95 217.56
219.39 135.92 217.43
219.15 136.82 216.30
220.65 135.15 217.54
219.26 136.73 218.81
218.04 137.34 219.20
218.03 137.46 220.28
217.20 136.73 218.89
217.77 138.66 218.52
217.57 138.50 217.46
216.65 139.26 219.19
217.12 140.18 220.18
216.78 141.19 219.94
216.64 139.76 221.53
215.75 138.74 221.79
214.89 138.57 221.17
216.18 137.91 222.70
217.36 138.52 223.14
218.52 138.01 223.85
218.73 136.92 224.36
219.59 138.88 223.82
220.49 138.49 224.08
219.52 140.16 223.39
220.59 140.68 222.87
221.31 140.06 222.52
220.35 141.49 222.32
218.45 140.69 222.85
217.43 139.80 222.66
218.98 139.55 218.70
219.91 138.97 218.73
218.66 140.09 220.07
219.06 139.35 220.76
219.14 141.04 220.30
219.08 140.35 217.57
218.54 141.81 217.44
219.00 142.15 216.08
217.11 141.87 217.76
219.34 142.58 218.61
220.17 143.72 218.52
220.39 144.01 219.55
221.15 143.41 218.14
219.64 145.01 217.84
219.15 145.60 218.61
220.86 145.59 217.42
221.14 145.09 216.12
221.69 145.88 215.60
222.06 143.92 216.06
221.87 142.74 215.37
221.05 142.05 215.52
222.65 142.66 214.32
223.48 143.75 214.56
224.26 144.56 213.74
224.08 144.46 212.44
223.24 143.96 212.21
224.87 144.55 211.82
224.97 145.58 214.21
224.83 145.85 215.50
225.35 146.72 215.89
224.06 145.24 216.38
223.37 144.20 215.83
218.79 144.99 216.53
218.14 144.11 216.56
219.81 144.93 215.40
219.66 145.77 214.72
219.72 144.01 214.82
217.81 145.94 216.12
217.76 147.46 216.51
216.45 147.96 216.03
218.13 147.54 217.93
218.86 148.24 215.58
220.22 148.47 215.90
220.58 149.18 215.16
220.80 147.56 215.74
220.58 149.01 217.30
220.69 148.18 217.99
221.80 149.73 217.09
221.56 151.13 216.98
222.06 151.62 217.81
221.92 151.80 215.66
220.98 152.68 215.15
220.33 153.19 215.84
220.57 152.55 213.87
219.09 152.80 213.62
218.89 153.80 213.22
218.72 152.04 212.93
218.53 152.65 214.54
221.40 151.87 212.89
221.22 151.81 211.68
222.52 151.28 213.43
223.12 150.77 212.79
222.80 151.15 214.78
223.82 150.55 215.10
219.56 150.03 217.84
218.55 149.79 217.48
220.03 151.25 217.17
219.47 151.20 216.23
219.76 152.14 217.74
219.50 150.30 219.22
218.12 150.88 219.86
218.32 152.34 220.02
216.93 150.41 219.13
218.13 150.19 221.30
218.65 148.88 221.47
219.47 148.68 220.78
219.15 148.92 222.44
217.70 147.64 221.41
217.59 147.32 220.38
218.52 146.77 222.18
218.07 146.84 223.53
217.69 145.84 223.75
219.03 147.26 224.57
218.49 147.84 225.69
217.48 147.56 225.97
219.16 148.79 226.37
218.70 149.31 227.19
220.47 149.06 225.91
221.32 149.39 226.81
222.22 149.10 226.43
221.03 149.08 227.73
221.10 148.35 225.02
220.40 147.43 224.30
221.04 146.70 223.56
216.34 147.58 222.17
215.67 148.37 221.83
216.92 147.89 223.51
216.17 147.78 224.30
217.27 148.92 223.55
215.69 146.27 222.19
214.91 145.49 223.46
215.78 145.42 224.66
214.33 144.24 222.95
213.64 146.36 223.93
213.51 146.90 225.24
212.62 147.52 225.19
214.34 147.58 225.44
213.39 145.94 226.47
214.38 145.76 226.87
212.55 146.63 227.42
211.18 146.31 227.14
210.67 146.01 228.05
210.51 147.51 226.56
210.96 148.80 226.68
211.51 149.14 227.55
210.86 149.50 225.57
210.28 148.57 224.69
210.19 148.48 223.25
210.47 149.31 222.39
209.79 147.23 222.81
210.07 146.99 221.87
209.22 146.31 223.61
209.22 145.06 223.24
209.93 144.78 222.58
208.98 144.45 224.00
209.06 146.45 224.92
209.76 147.52 225.41
212.68 144.59 226.36
213.02 144.05 225.47
211.28 145.11 226.16
211.26 145.42 225.12
210.50 144.36 226.31
212.98 143.84 227.55
211.97 143.29 228.70
212.73 143.30 229.97
210.63 143.91 228.66
211.82 141.77 228.22
210.93 141.38 227.18
211.36 140.47 226.76
210.93 142.12 226.38
209.47 141.07 227.59
208.79 141.79 227.14
209.24 139.75 227.07
209.40 138.79 228.11
208.41 138.37 228.31
210.42 137.71 227.89
211.13 137.34 229.02
210.62 137.38 229.98
212.48 137.31 229.01
213.17 137.64 230.32
213.58 136.74 230.79
213.97 138.35 230.12
212.48 138.14 230.99
213.20 137.28 227.74
214.41 137.13 227.60
212.40 137.38 226.62
212.86 137.42 225.72
211.04 137.62 226.63
210.46 137.69 225.55
209.16 140.96 229.09
209.63 141.77 229.65
209.88 139.66 229.30
210.95 139.84 229.25
209.73 139.27 230.31
207.76 140.99 229.34
206.82 139.87 230.06
206.01 140.62 231.03
206.19 139.14 228.95
207.67 138.77 230.95
207.79 137.36 230.67
208.23 136.90 231.55
208.46 137.16 229.84
206.49 136.61 230.38
206.18 136.76 229.34
206.79 135.22 230.64
206.05 134.74 231.77
205.22 134.14 231.41
206.77 134.05 232.91
206.11 134.20 234.13
205.04 134.28 234.11
206.77 134.79 235.16
205.99 135.83 235.96
205.68 135.46 236.94
206.62 136.71 236.09
205.13 136.18 235.39
208.23 134.76 235.22
208.95 135.14 236.14
208.82 134.24 234.09
209.83 134.24 234.07
208.18 133.97 232.91
208.88 133.66 231.95
205.42 137.12 231.33
205.69 138.07 231.80
205.55 136.06 232.38
206.30 136.47 233.06
204.63 135.92 232.93
204.13 137.32 230.82
202.95 137.79 231.80
201.88 138.48 231.05
203.50 138.32 233.07
202.53 136.28 232.06
202.21 135.42 230.98
202.76 135.66 230.07
202.51 134.41 231.29
200.71 135.50 230.73
200.39 136.54 230.70
200.40 134.76 229.55
200.19 133.39 229.89
199.24 133.06 229.48
201.31 132.48 229.47
202.43 132.85 228.77
202.40 133.62 228.02
203.53 132.32 229.23
203.07 131.54 230.30
203.71 131.02 231.48
204.90 131.02 231.81
202.83 130.57 232.44
203.19 130.48 233.38
201.50 130.42 232.23
200.73 130.56 233.28
201.10 131.03 234.10
199.78 130.84 233.07
200.90 130.68 231.08
201.71 131.37 230.21
200.15 134.79 231.95
200.86 134.84 232.77
200.11 133.38 231.42
200.98 132.96 231.92
199.24 132.79 231.70
198.94 135.15 232.51
198.55 134.44 233.90
199.73 133.72 234.46
197.80 135.44 234.67
197.64 133.30 233.20
196.57 133.60 232.31
196.89 134.30 231.53
196.23 132.67 231.85
195.44 134.18 233.13
195.71 135.16 233.54
194.25 134.28 232.36
193.15 133.67 233.01
192.39 134.43 233.21
192.57 132.53 232.25
191.98 131.52 232.98
191.50 131.76 233.92
192.23 130.24 232.66
191.93 129.44 233.33
192.95 130.02 231.47
192.70 128.93 230.85
192.87 129.10 229.87
191.87 128.46 231.19
193.23 130.95 230.59
193.04 132.24 230.96
193.14 133.09 230.08
195.20 133.19 234.25
195.53 132.20 233.96
193.69 133.17 234.36
193.28 133.80 235.15
193.50 132.13 234.63
195.93 133.51 235.40
195.54 133.07 236.85
196.70 133.18 237.76
194.72 131.84 236.76
194.61 134.38 236.89
195.11 135.67 237.21
196.03 135.88 236.66
194.36 136.41 236.94
195.37 135.75 238.71
196.35 135.33 238.94
195.28 137.16 239.03
194.06 137.45 239.70
194.27 137.65 240.75
193.06 138.43 239.15
191.75 138.21 239.54
191.56 137.82 240.53
190.77 138.18 238.62
189.79 137.79 238.88
191.10 138.68 237.35
190.08 139.15 236.70
189.18 138.89 237.08
190.31 140.07 236.35
192.23 139.27 237.06
193.28 139.10 237.92
194.33 139.67 237.66
194.25 134.99 239.44
193.74 134.24 238.84
193.30 136.13 239.59
192.64 136.03 240.46
192.69 136.08 238.68
194.52 134.27 240.60
193.31 133.71 241.51
192.02 133.80 240.78
193.75 132.45 242.13
193.46 135.01 242.49
194.74 135.45 242.95
195.38 135.77 242.14
194.60 136.31 243.61
195.43 134.34 243.73
195.64 133.47 243.11
196.62 134.91 244.29
196.74 134.62 245.67
197.55 133.89 245.81
196.93 135.81 246.57
196.21 135.87 247.75
195.92 134.96 248.25
195.62 137.03 248.11
196.06 138.18 247.43
195.89 139.27 248.08
197.05 138.19 246.56
197.48 137.00 246.07
198.45 137.00 245.32
194.47 133.99 244.86
193.77 134.82 244.98
195.42 133.94 246.00
195.60 132.92 246.34
194.78 134.48 246.70
193.75 132.78 244.98
