154.7446594238 90.7623519897 91.2500000000
155.0786132812 89.0756072998 91.3176040649
157.6572265625 82.9453506470 90.0000000000
151.8986206055 81.6117706299 87.2260055542
154.6822052002 79.3098678589 90.6799926758
152.3888244629 76.9740295410 92.5000000000
152.0526428223 73.6968002319 92.9430007935
152.1497497559 80.7600021362 86.7599945068
154.5637969971 78.0372085571 89.9911956787
155.9982757568 78.6733703613 92.3460006714
154.4231872559 79.7645797729 90.6780014038
159.2726440430 88.5467987061 93.6529998779
152.3374176025 84.5398712158 94.1300048828
157.3838043213 87.7272033691 92.7611999512
152.1734008789 85.5198745728 92.1625976562
156.5474243164 79.7798690796 86.7700042725
158.9627838135 81.4289932251 98.4561996460
158.2916870117 82.0273666382 90.8400039673
150.8908691406 78.3929748535 92.7800064087
157.5247802734 88.2853240967 92.8909988403
157.9343109131 83.5540771484 90.4524002075
157.6572265625 82.9453506470 90.0000000000
156.1793975830 85.1125335693 95.8740005493
154.2327880859 85.3689956665 92.5461959839
156.0307159424 86.4066467285 92.6859970093
156.0946655273 85.1323471069 88.4599990845
151.9237976074 78.2072067261 93.1612014771
155.9292144775 78.3775939941 92.2781982422
154.8155822754 77.2359161377 93.4290008545
157.5247802734 88.2853240967 92.8909988403
158.3921356201 80.2369308472 93.2532043457
158.3888244629 75.9540252686 88.3499984741
153.3147888184 83.3953247070 89.8610000610
151.0933074951 77.0126953125 93.3379974365
155.5738067627 76.0772018433 90.3611984253
156.5489349365 83.3158340454 97.3020019531
153.6599884033 76.4852371216 90.7473983765
158.7883911133 82.9279632568 91.6059951782
149.9936218262 79.9569778442 87.9696044922
159.8959655762 84.4988021851 90.4367980957
153.9697570801 74.6600036621 87.3499984741
153.3147888184 83.3953247070 89.8610000610
151.4817657471 80.1368026733 87.5209960938
155.3879241943 80.0576248169 89.4870071411
159.5384674072 91.1562805176 91.1498031616
157.5282745361 84.6533737183 89.1259994507
157.7239990234 75.8222045898 86.9500045776
151.8208618164 81.1029739380 89.0000000000
155.3816680908 80.4393539429 88.5203933716
148.8620605469 78.2280502319 89.3420028687
152.4731903076 74.4345779419 93.0879974365
155.9982757568 78.6733703613 92.3460006714
155.9982757568 78.6733703613 92.3460006714
156.5489349365 83.3158340454 97.3020019531
151.3782806396 75.3533706665 88.6859970093
149.3336486816 80.5778198242 88.6140060425
150.4797515869 81.1699981689 88.9399948120
155.8720550537 89.0080566406 91.5719985962
152.3467712402 86.5020217896 90.2445983887
157.7239990234 75.8222045898 86.9500045776
155.3816680908 80.4393539429 88.5203933716
151.3097839355 79.8357162476 93.4218063354
155.3879241943 80.0576248169 89.4870071411
154.9951477051 76.1999969482 86.3829956055
152.1734008789 85.5198745728 92.1625976562
155.3682708740 79.6733703613 91.3759994507
151.0933074951 77.0126953125 93.3379974365
152.5047760010 73.9053192139 91.1309967041
154.2389373779 80.2058334351 90.0820007324
151.8986206055 81.6117706299 87.2260055542
157.7239990234 75.8222045898 86.9500045776
151.3097839355 79.8357162476 93.4218063354
149.6459655762 76.0988006592 90.0467987061
149.9246673584 75.6223526001 89.6500015259
158.3888244629 75.9540252686 88.3499984741
157.5247802734 88.2853240967 92.8909988403
152.3888244629 76.9740295410 92.5000000000
153.3663024902 74.5487060547 87.0250015259
151.8208618164 81.1029739380 89.0000000000
153.7593994141 85.3625335693 96.3039932251
160.3555755615 87.7959136963 93.2689971924
156.0946655273 85.1323471069 88.4599990845
155.8720550537 89.0080566406 91.5719985962
153.2016906738 77.8073730469 91.6600036621
154.5674285889 84.6298675537 93.9000015259
158.6288299561 79.6440277100 95.1100006104
154.7446594238 90.7623519897 91.2500000000
151.1382751465 76.2833709717 87.5159988403
159.5421447754 81.0269317627 93.8331985474
156.8821411133 75.3069305420 88.0932006836
155.7338104248 78.7272033691 89.8811950684
153.3917694092 81.2568054199 87.0510025024
153.5306854248 85.6610260010 92.1701965332
154.5267639160 85.8920211792 89.0446014404
151.3633880615 76.0298690796 93.4325942993
156.5474243164 79.7798690796 86.7700042725
153.2016906738 77.8073730469 91.6600036621
153.4046630859 73.9123535156 88.7500000000
153.5983886719 80.9579620361 89.5859985352
152.7559661865 74.4888000488 88.5467987061
155.8139953613 90.3022079468 90.4100036621
159.1240692139 87.2828445435 92.0299987793
157.0262908936 76.0587005615 86.5550003052
157.7067108154 80.0097274780 87.6100006104
149.9539489746 74.3499984741 89.1238021851
153.4967041016 84.7697296143 94.9700012207
152.3940734863 78.2828445435 93.0600051880
152.0604705811 75.6469421387 93.7774047852
158.2540740967 85.7728424072 91.6900024414
154.2255859375 83.5759201050 91.7789993286
156.5682830811 80.5033721924 90.9059982300
150.4897613525 76.3700027466 88.2500000000
156.8552856445 75.7569198608 89.0340042114
155.4947814941 82.7853240967 88.6610031128
159.4447784424 87.6153182983 91.3509979248
153.4046630859 73.9123535156 88.7500000000
152.5047760010 73.9053192139 91.1309967041
158.8257598877 84.7059020996 90.0730056763
156.6979217529 76.5376205444 90.0370025635
156.0597839355 88.9157180786 94.0418014526
157.7067108154 80.0097274780 87.6100006104
157.7239990234 75.8222045898 86.9500045776
152.6613922119 77.6600036621 85.9087982178
151.8157653809 75.2159042358 88.2430038452
151.8986206055 81.6117706299 87.2260055542
159.5384674072 91.1562805176 91.1498031616
157.3838043213 87.7272033691 92.7611999512
153.1588287354 76.0940246582 90.7799987793
154.4739990234 73.4522094727 87.9100036621
154.0520629883 83.7580566406 92.3219985962
157.8288269043 84.8040237427 89.0199966431
157.5282745361 84.6533737183 89.1259994507
156.1793975830 85.1125335693 95.8740005493
158.2916870117 82.0273666382 90.8400039673
154.9486083984 87.9056091309 92.3076019287
154.2389373779 80.2058334351 90.0820007324
155.6208648682 88.0129699707 92.7400054932
156.4539947510 78.5722045898 92.2300033569
155.0727386475 81.5901031494 88.2690048218
159.1682586670 86.2873077393 91.2910003662
151.3782806396 75.3533706665 88.6859970093
150.8908691406 78.3929748535 92.7800064087
158.8257598877 84.7059020996 90.0730056763
156.6902923584 74.6398391724 89.2249984741
155.9982757568 78.6733703613 92.3460006714
148.2246551514 78.5623474121 91.1500015259
154.0266876221 80.8799972534 89.9519958496
149.9539489746 74.3499984741 89.1238021851
153.6408691406 75.0029754639 89.5900039673
155.0786132812 89.0756072998 91.3176040649
153.4972229004 81.4353561401 87.0399932861
159.4416961670 80.4773712158 94.2700042725
151.1407165527 76.4266433716 93.8159942627
152.0604705811 75.6469421387 93.7774047852
149.1391296387 77.1558609009 92.9739990234
158.2140655518 84.5728378296 93.0699996948
157.4167175293 85.4097290039 93.7900009155
155.0786132812 89.0756072998 91.3176040649
153.4972229004 81.4353561401 87.0399932861
149.9640655518 79.5428390503 92.2700042725
158.2252960205 79.6769180298 95.1940002441
152.7633972168 79.1798706055 93.8125991821
157.9240722656 78.9528427124 88.4500045776
149.9246673584 75.6223526001 89.6500015259
159.1188201904 85.9740295410 91.4699935913
154.2327880859 85.3689956665 92.5461959839
153.5983886719 80.9579620361 89.5859985352
152.7559661865 74.4888000488 88.5467987061
149.9874267578 78.7298660278 87.4599990845
149.4886016846 78.3856124878 92.7076034546
157.3316650391 86.0493545532 93.0103988647
152.4643096924 81.4840774536 89.3524017334
154.4746551514 88.3023529053 89.8099975586
156.8821411133 75.3069305420 88.0932006836
152.3374176025 84.5398712158 94.1300048828
155.0786132812 89.0756072998 91.3176040649
152.6613922119 77.6600036621 85.9087982178
153.4227752686 75.8789901733 93.8161926270
159.2726440430 88.5467987061 93.6529998779
156.4539947510 78.5722045898 92.2300033569
154.9951477051 76.1999969482 86.3829956055
157.6827239990 79.6800994873 88.1790008545
158.8257598877 84.7059020996 90.0730056763
148.7897491455 79.3099975586 89.7500000000
154.7720489502 83.3503875732 89.6669998169
154.2659606934 91.3488006592 91.4468002319
149.1391296387 77.1558609009 92.9739990234
153.7593994141 85.3625335693 96.3039932251
152.4731903076 74.4345779419 93.0879974365
154.0520629883 83.7580566406 92.3219985962
152.7633972168 79.1798706055 93.8125991821
156.6887512207 89.0359954834 92.8186035156
155.1388244629 73.5840301514 89.3099975586
157.9902801514 76.2498397827 88.5849990845
155.9516906738 74.4173736572 88.4700012207
153.8314056396 78.3499984741 85.7987976074
150.3107299805 75.3000030518 90.0225982666
149.9246673584 75.6223526001 89.6500015259
157.3316650391 86.0493545532 93.0103988647
152.7559661865 74.4888000488 88.5467987061
158.2807159424 83.7266464233 93.4259948730
158.4355773926 88.4659194946 94.8089981079
153.2016906738 77.8073730469 91.6600036621
154.2255859375 83.5759201050 91.7789993286
152.0526428223 73.6968002319 92.9430007935
160.3555755615 87.7959136963 93.2689971924
158.2140655518 84.5728378296 93.0699996948
151.7886199951 84.9717712402 94.8759994507
151.7886199951 84.9717712402 94.8759994507
153.6855773926 79.3859176636 94.1890029907
151.8272247314 81.8453521729 89.2199935913
157.4167175293 85.4097290039 93.7900009155
158.9921417236 83.5669326782 92.1032028198
155.0786132812 89.0756072998 91.3176040649
153.7636566162 82.2578201294 91.0439987183
156.4539947510 78.5722045898 92.2300033569
154.4746551514 88.3023529053 89.8099975586
153.7593994141 85.3625335693 96.3039932251
158.6052856445 84.8669204712 91.3940048218
154.4231872559 79.7645797729 90.6780014038
150.8908691406 78.3929748535 92.7800064087
155.4947814941 82.7853240967 88.6610031128
154.9613952637 77.5000000000 85.8588027954
157.6416625977 83.6493530273 97.1203994751
153.9716949463 76.9273681641 89.9400024414
155.8139953613 90.3022079468 90.4100036621
157.6572265625 82.9453506470 90.0000000000
152.4731903076 74.4345779419 93.0879974365
149.5966796875 79.1999969482 87.5220031738
159.1682586670 86.2873077393 91.2910003662
152.6239624023 85.0500030518 89.0938034058
155.9497528076 79.7799987793 91.6699981689
153.7192535400 86.7292022705 90.0841979980
157.8816680908 83.5093536377 94.7403945923
154.0297851562 83.4157180786 89.8118057251
154.8155822754 77.2359161377 93.4290008545
153.7636566162 82.2578201294 91.0439987183
155.5652923584 73.9569168091 89.4540023804
157.6838073730 84.3372039795 94.3712005615
152.3467712402 86.5020217896 90.2445983887
152.6351470947 76.3000030518 86.2129974365
160.2786102295 86.2656097412 91.7975997925
157.3316650391 86.0493545532 93.0103988647
153.4972229004 81.4353561401 87.0399932861
156.8139953613 81.0622024536 90.2800064087
157.8816680908 83.5093536377 94.7403945923
157.5192108154 84.1075973511 89.4281997681
154.9613952637 77.5000000000 85.8588027954
159.1999969482 82.0352401733 95.3874053955
152.3374176025 84.5398712158 94.1300048828
157.4167175293 85.4097290039 93.7900009155
158.2916870117 82.0273666382 90.8400039673
150.8908691406 78.3929748535 92.7800064087
149.6246643066 76.9223480225 88.0199966431
151.8208618164 81.1029739380 89.0000000000
154.2086181641 84.7217712402 94.4460067749
160.2786102295 86.2656097412 91.7975997925
151.8272247314 81.8453521729 89.2199935913
156.0946655273 85.1323471069 88.4599990845
156.3097534180 82.2699966431 89.7200012207
152.3374176025 84.5398712158 94.1300048828
158.6252899170 85.0269165039 89.8840026855
150.8908691406 78.3929748535 92.7800064087
158.6649932861 82.8769226074 97.3054046631
156.5327301025 83.2100982666 97.9090042114
158.3940734863 77.2628402710 88.9100036621
159.1682586670 86.2873077393 91.2910003662
153.4227752686 75.8789901733 93.8161926270
153.2167053223 85.2897262573 96.6599960327
152.4643096924 81.4840774536 89.3524017334
157.6827239990 79.6800994873 88.1790008545
154.8155822754 77.2359161377 93.4290008545
