159.37 96.28 93.12
160.34 96.89 92.19
159.81 95.19 94.01
158.15 95.75 92.23
157.04 95.03 92.77
156.25 95.14 92.03
156.67 95.52 93.67
157.25 93.51 93.05
157.44 93.33 94.11
156.03 92.91 92.60
156.17 92.56 91.22
155.92 91.51 91.11
155.28 93.33 90.31
154.22 94.14 90.61
153.75 94.14 91.59
153.89 94.97 89.65
154.83 94.68 88.65
155.20 95.36 87.43
156.38 94.88 86.88
157.00 93.76 87.29
158.30 93.78 87.30
158.74 94.68 87.30
158.65 93.09 87.96
156.56 92.99 88.27
155.55 93.56 88.98
158.38 92.88 92.22
159.20 93.59 92.15
157.66 92.85 90.90
157.78 93.83 90.45
158.12 92.12 90.23
159.02 91.66 92.63
158.44 90.15 92.61
157.67 89.94 93.85
159.59 89.27 92.31
157.40 89.98 91.39
157.71 89.51 90.10
158.69 89.03 90.08
157.71 90.31 89.36
156.60 88.52 89.73
155.65 89.05 89.67
156.92 87.92 88.48
157.72 86.77 88.75
157.27 85.88 88.32
159.10 87.01 88.25
159.43 87.79 87.17
158.67 88.25 86.56
160.71 87.96 86.99
161.26 87.24 88.06
162.58 87.00 88.52
163.67 87.42 87.92
163.58 87.95 87.07
164.54 87.14 88.36
162.84 86.25 89.59
161.80 85.71 90.21
162.01 85.11 91.08
160.53 85.79 89.87
160.30 86.61 88.80
156.47 87.35 90.72
156.56 87.67 91.76
157.70 86.61 90.26
157.69 85.54 90.43
158.56 87.05 90.77
155.22 86.72 90.49
154.93 85.15 90.71
153.46 85.05 90.82
155.64 84.44 89.62
155.58 84.73 92.14
156.77 83.96 92.33
157.07 84.12 93.37
157.65 84.34 91.81
156.74 82.46 92.04
156.92 82.27 90.98
157.83 82.05 92.88
157.32 81.42 94.06
158.07 80.72 94.41
156.79 82.21 95.24
155.59 82.92 95.16
155.38 83.57 94.32
154.55 82.65 95.98
153.17 83.17 95.59
152.87 84.00 96.24
152.45 82.36 95.69
153.15 83.48 94.55
154.74 81.77 97.13
153.90 81.42 97.96
156.03 81.34 97.30
156.20 80.70 98.07
157.08 81.56 96.44
158.19 81.11 96.73
155.54 81.63 92.51
154.80 82.30 92.97
156.17 80.63 93.48
156.56 79.78 92.93
155.47 80.29 94.24
154.82 80.88 91.59
153.57 80.06 92.16
152.92 80.86 93.23
154.05 78.71 92.47
152.64 80.08 90.86
151.27 80.39 90.94
151.09 81.17 90.20
150.99 80.79 91.91
150.40 79.16 90.60
149.40 79.31 91.01
150.39 79.20 89.16
151.31 78.24 88.65
150.80 77.67 87.88
152.66 78.60 88.13
153.28 79.81 87.94
152.76 80.76 88.02
154.57 79.72 87.66
154.82 78.35 87.84
155.95 77.50 87.90
157.18 77.81 87.57
157.36 78.72 87.19
157.83 77.03 87.65
155.88 76.20 88.21
154.66 75.70 88.32
154.58 74.66 88.61
153.52 76.30 88.04
153.65 77.66 87.95
151.01 77.83 91.12
151.83 78.05 91.80
151.55 77.31 89.82
151.10 76.37 89.51
152.60 77.17 90.08
150.36 76.71 91.70
151.22 75.30 91.90
152.65 75.56 92.09
150.79 74.35 90.85
150.69 74.75 93.27
149.35 74.39 93.36
148.77 75.04 92.71
149.07 74.59 94.39
149.11 72.91 93.00
150.06 72.38 93.00
148.30 72.58 94.13
146.96 72.67 93.72
146.21 73.97 93.75
145.17 73.87 94.65
145.41 73.72 95.69
144.66 74.41 91.99
145.89 74.61 92.53
146.63 75.40 91.99
148.32 72.57 91.68
148.09 73.49 91.15
147.07 72.02 92.38
146.16 72.11 91.78
147.24 70.98 92.65
148.78 71.55 90.73
147.77 70.43 90.05
146.56 71.16 89.60
147.63 69.39 91.08
148.26 69.62 88.74
154.88 68.15 91.62
