138.57 41.42 215.40
138.92 42.64 216.15
137.83 41.55 214.13
139.88 40.54 215.13
140.39 39.63 216.09
139.60 39.10 216.62
140.85 38.82 215.52
141.38 40.18 217.14
140.88 40.10 218.11
142.54 39.34 217.10
143.45 39.86 216.15
144.47 39.61 216.45
143.17 39.23 214.82
142.82 37.91 214.59
142.75 37.20 215.40
142.49 37.62 213.36
142.66 38.86 212.72
142.60 39.29 211.38
142.47 38.47 210.36
142.82 38.85 209.50
142.36 37.49 210.59
142.96 40.50 210.98
143.40 41.32 211.92
143.69 42.31 211.60
143.59 41.05 213.19
143.15 39.81 213.56
141.90 41.61 216.93
141.26 42.14 216.22
143.26 41.39 216.28
144.05 41.79 216.91
143.28 41.94 215.34
142.11 42.48 218.04
141.41 42.34 219.50
139.96 42.62 219.39
141.87 41.08 220.11
142.06 43.56 220.34
143.22 44.23 219.90
143.38 45.06 220.58
143.05 44.63 218.90
144.49 43.34 219.86
144.22 42.33 219.55
145.38 43.90 218.91
146.12 44.93 219.54
147.11 44.96 219.09
145.46 46.25 219.26
144.88 47.04 220.24
144.81 46.69 221.25
144.44 48.29 219.94
144.02 48.92 220.71
144.54 48.68 218.58
144.75 49.91 218.28
145.39 50.34 218.93
145.00 49.91 217.30
145.02 47.96 217.62
145.47 46.71 217.92
145.98 46.08 217.00
145.26 43.27 221.17
144.54 43.48 221.96
146.26 44.44 220.99
146.11 45.20 221.75
147.29 44.09 221.11
145.80 41.93 221.28
146.93 41.35 222.32
147.87 42.45 222.63
147.46 40.14 221.66
146.25 40.84 223.71
145.11 41.41 224.34
144.22 41.06 223.83
145.08 41.05 225.37
145.09 42.94 224.38
145.72 43.31 223.57
143.77 43.47 224.25
143.61 44.50 225.21
142.95 45.29 224.86
143.06 43.84 226.44
142.38 42.64 226.51
141.98 42.15 225.63
142.32 42.12 227.71
143.08 43.03 228.46
143.41 43.18 229.82
142.75 42.60 230.78
142.78 43.16 231.61
141.96 42.04 230.46
144.10 44.20 230.31
144.48 45.12 229.44
145.08 45.94 229.82
144.07 45.24 228.19
143.44 44.12 227.73
145.71 43.60 225.58
145.36 43.11 226.49
145.07 44.96 225.37
145.43 45.42 224.44
145.28 45.66 226.18
147.10 43.60 225.56
147.87 43.21 226.89
148.14 44.47 227.59
147.15 42.12 227.59
149.26 42.63 226.37
150.47 43.01 226.97
150.39 42.89 228.04
151.21 42.30 226.60
150.91 44.47 226.65
150.40 45.14 227.34
152.31 44.38 226.93
152.95 44.20 225.68
153.58 45.07 225.50
153.77 42.98 225.52
153.68 41.79 226.22
153.61 41.76 227.30
153.59 40.73 225.45
153.57 41.33 224.18
153.30 40.96 222.84
153.60 39.81 222.34
153.80 39.97 221.37
154.15 39.22 222.95
153.29 41.81 221.83
153.69 43.04 222.09
153.62 43.76 221.28
154.24 43.47 223.20
154.05 42.60 224.24
150.69 44.88 225.15
149.75 44.45 224.82
151.82 44.10 224.62
152.09 44.51 223.65
151.47 43.08 224.48
150.74 46.21 224.54
152.00 47.24 224.45
153.27 46.64 223.97
151.58 48.57 223.97
152.02 47.27 226.00
150.91 47.82 226.67
150.50 47.11 227.39
150.12 48.13 225.98
151.52 49.00 227.35
152.10 49.57 226.63
150.47 49.78 227.93
150.23 49.27 229.23
150.25 50.10 229.94
148.94 48.55 229.43
148.01 48.11 228.53
147.79 48.59 227.59
147.47 46.97 228.88
148.23 46.60 230.00
148.65 45.36 230.62
148.30 44.19 230.50
149.74 45.52 231.45
150.33 44.71 231.56
150.09 46.71 232.00
151.30 46.84 232.46
152.01 46.24 232.06
151.57 47.80 232.57
149.55 47.86 231.65
148.77 47.75 230.54
152.43 48.37 228.41
152.72 47.34 228.18
151.40 48.31 229.52
151.06 47.27 229.52
151.82 48.50 230.51
153.64 49.06 228.58
154.53 48.89 229.89
155.86 49.45 229.62
154.37 47.51 230.41
153.73 49.87 230.88
152.84 50.88 230.40
152.49 50.75 229.38
151.95 50.83 231.04
153.42 52.26 230.44
154.37 52.29 229.90
152.43 53.14 229.88
151.77 53.80 230.95
151.35 54.75 230.61
150.67 52.93 231.51
149.59 52.39 230.85
149.38 52.61 229.81
148.88 51.55 231.56
149.59 51.48 232.77
149.41 50.89 234.04
148.24 50.77 234.62
148.39 50.98 235.59
147.49 51.17 234.08
150.26 51.03 235.04
151.22 51.92 234.88
151.92 52.07 235.69
151.31 52.76 233.87
150.57 52.42 232.79
153.59 52.63 231.91
152.99 51.95 232.50
152.99 54.04 231.84
153.68 54.72 231.33
152.75 54.45 232.82
154.87 52.47 232.43
155.25 52.92 233.93
156.39 52.14 234.41
154.06 53.09 234.79
155.75 54.38 233.52
156.46 54.59 232.32
155.78 54.49 231.46
156.74 55.64 232.39
157.69 53.69 232.03
157.38 52.65 231.93
158.26 54.18 230.81
159.12 55.27 231.12
159.97 55.27 230.44
158.39 56.58 231.00
157.29 56.88 230.23
156.96 56.25 229.42
156.62 57.94 230.63
157.34 58.34 231.77
157.28 59.37 232.73
156.68 60.52 232.57
157.12 61.21 233.15
156.32 60.68 231.64
158.13 59.50 233.74
159.18 58.70 233.73
159.87 58.78 234.55
159.51 57.88 232.76
158.50 57.63 231.88
158.75 53.83 233.14
158.24 54.19 234.04
159.61 54.92 232.53
160.66 54.61 232.46
159.54 55.69 233.29
159.60 52.75 233.52
160.79 52.92 234.64
160.58 51.98 235.76
162.09 52.94 233.93
160.64 54.41 235.22
160.38 54.67 236.58
159.78 53.86 236.98
159.71 55.53 236.59
161.64 54.98 237.46
162.43 55.35 236.81
161.00 56.04 238.19
160.47 55.52 239.39
160.50 56.32 240.13
159.20 54.73 239.59
159.14 53.36 239.33
159.79 52.88 238.60
158.40 52.54 240.10
158.43 51.47 239.93
157.64 53.14 241.11
156.61 52.51 241.56
156.21 53.05 242.32
156.04 52.18 240.79
157.58 54.42 241.34
158.38 55.24 240.61
158.35 56.44 240.88
162.22 53.94 238.51
161.82 52.95 238.31
161.59 54.61 239.67
161.26 53.74 240.24
162.30 55.27 240.19
163.54 53.82 239.16
163.89 53.33 240.79
164.73 54.39 241.36
164.46 51.97 240.66
162.64 53.11 241.92
161.71 54.04 242.57
161.11 54.66 241.90
160.93 53.38 242.97
162.06 55.07 243.66
162.53 55.94 243.20
160.75 55.39 244.19
160.47 54.56 245.31
160.28 55.17 246.19
159.33 53.62 245.16
158.10 53.87 244.61
157.79 54.86 244.32
157.39 52.79 244.38
158.23 51.77 244.85
158.22 50.35 244.84
157.28 49.62 244.29
157.37 48.62 244.44
156.60 50.09 243.71
159.15 49.61 245.42
160.10 50.25 246.08
160.88 49.66 246.54
160.22 51.55 246.22
159.30 52.28 245.51
162.89 54.53 244.81
163.60 53.82 244.38
161.77 53.77 245.48
161.89 53.56 246.54
161.75 52.83 244.92
163.65 55.47 245.59
163.20 56.35 246.88
161.74 56.52 246.94
164.03 57.57 246.81
163.61 55.59 248.27
163.67 54.17 248.50
163.34 53.56 247.66
164.74 53.96 248.43
163.23 53.53 249.88
162.97 52.49 249.72
164.40 53.68 250.62
164.32 54.97 251.23
164.58 54.91 252.29
165.30 55.82 250.59
166.53 55.41 250.13
166.72 54.40 249.82
167.46 56.32 250.24
166.75 57.41 250.77
167.12 58.53 251.52
168.27 58.55 252.13
168.12 58.87 253.08
168.84 57.75 251.93
166.27 59.31 252.16
164.99 59.00 252.07
164.30 59.64 252.59
164.48 57.92 251.52
165.41 57.15 250.88
162.30 54.09 250.99
161.29 54.21 250.60
162.88 55.45 251.21
162.57 55.89 252.16
162.66 56.12 250.38
162.20 53.37 252.28
163.30 52.77 253.45
162.59 53.14 254.69
163.46 51.33 253.16
164.84 53.32 253.80
166.03 53.09 253.02
166.38 54.10 252.78
165.70 52.65 252.08
167.33 52.25 253.33
167.09 51.19 253.24
168.00 52.75 252.16
169.05 53.58 252.61
169.90 52.91 252.51
169.49 54.81 251.89
169.51 55.95 252.66
168.66 56.17 253.29
170.65 56.66 252.79
170.73 57.45 253.52
171.73 56.25 251.96
172.94 56.64 252.19
173.18 56.54 253.16
173.53 56.19 251.51
171.63 55.39 251.00
170.50 54.63 250.93
170.40 53.79 250.04
168.39 52.47 254.48
167.96 52.41 255.48
168.72 53.87 254.10
167.85 54.50 254.26
169.54 54.31 254.66
169.65 51.71 254.42
171.17 52.32 254.75
171.74 53.02 253.58
171.12 53.05 256.03
172.02 51.01 254.93
172.20 50.53 256.22
172.27 49.45 256.11
171.33 50.78 256.83
173.48 51.09 256.84
173.61 52.14 256.58
173.46 50.89 258.26
173.78 49.54 258.54
174.24 49.46 259.53
172.52 48.71 258.52
171.24 49.13 258.80
171.02 50.00 259.40
170.31 48.51 258.11
171.05 47.62 257.32
170.78 46.93 256.09
169.74 46.79 255.44
171.92 46.42 255.49
171.87 46.25 254.50
173.10 46.30 256.14
174.19 46.23 255.44
174.19 46.66 254.52
175.02 46.46 255.97
173.33 46.73 257.37
172.33 47.53 257.82
174.60 50.22 256.26
174.19 49.65 255.42
174.88 49.31 257.46
175.00 48.30 257.08
175.84 49.59 257.90
175.78 50.81 255.78
176.84 49.92 254.92
177.51 50.79 253.93
176.18 48.66 254.50
177.93 49.54 256.03
178.32 50.53 256.96
177.97 51.51 256.65
177.80 50.31 257.89
179.82 50.68 257.24
180.18 51.61 256.80
179.80 50.74 258.66
179.97 49.42 259.15
180.84 49.45 259.80
178.81 48.86 259.92
178.45 47.59 259.51
178.05 47.46 258.52
179.16 46.58 260.09
179.68 45.46 259.20
179.27 44.49 259.48
180.76 45.43 259.32
179.50 45.68 258.15
179.68 46.76 261.45
180.26 45.93 262.14
179.40 47.99 262.00
179.70 48.16 262.95
178.94 49.07 261.29
178.71 50.13 261.87
180.84 49.57 256.94
180.79 49.20 255.91
180.35 48.55 257.91
179.52 48.08 257.38
181.06 47.76 258.16
182.12 50.05 257.26
183.26 49.18 257.96
183.01 49.11 259.42
183.43 47.94 257.17
184.32 50.31 257.61
185.49 50.03 256.90
186.02 49.29 257.50
186.10 50.93 256.92
185.27 49.53 255.43
184.34 48.97 255.42
184.98 50.60 254.52
186.18 51.00 253.95
186.03 51.34 252.92
186.74 52.14 254.75
186.05 53.02 255.56
184.98 53.15 255.49
186.78 53.52 256.52
188.03 52.92 256.31
189.20 52.75 257.13
189.44 53.17 258.27
190.16 51.93 256.55
190.56 51.26 257.19
190.11 51.55 255.25
190.77 50.49 254.88
190.84 49.76 255.58
190.38 50.13 254.03
189.13 51.82 254.41
188.06 52.37 255.05
186.32 48.51 254.87
186.26 48.22 255.92
186.91 49.65 253.96
187.99 49.80 254.04
186.80 49.25 252.95
187.68 48.05 255.15
188.61 48.44 256.45
190.02 48.15 256.11
188.30 49.82 256.84
188.19 47.51 257.67
188.62 47.84 258.98
188.83 48.91 259.06
187.77 47.69 259.64
189.84 47.05 259.53
190.64 47.76 259.74
189.31 46.52 260.75
188.94 45.17 260.52
188.87 44.61 261.45
187.68 45.02 259.73
186.43 45.46 260.11
186.27 46.04 261.00
185.47 45.11 259.31
186.14 44.44 258.28
185.74 43.69 257.16
184.52 43.29 256.96
184.48 42.43 256.43
183.84 43.62 257.64
186.57 42.94 256.43
187.84 42.96 256.80
188.52 42.34 256.23
188.35 43.55 257.86
187.47 44.32 258.55
190.47 45.83 258.77
189.92 45.65 257.84
190.21 44.75 259.82
190.99 44.79 260.57
190.18 43.74 259.40
191.89 45.85 258.51
192.89 44.53 258.52
193.21 44.19 259.92
194.00 44.79 257.58
192.11 43.22 257.97
192.82 42.05 257.62
192.26 41.61 256.79
193.75 42.40 257.17
193.14 40.90 258.65
192.25 40.71 259.26
193.35 39.89 257.65
194.74 39.77 257.38
194.96 38.81 256.93
195.49 40.87 256.64
195.53 41.07 255.29
195.04 40.39 254.60
196.21 42.11 254.89
196.56 42.74 256.11
197.36 43.84 256.53
198.59 43.97 256.11
199.09 44.28 256.94
198.93 43.16 255.61
197.50 44.21 257.79
197.07 43.35 258.69
197.18 43.62 259.73
196.70 42.12 258.41
196.28 41.91 257.15
194.46 40.90 259.54
194.79 41.93 259.46
195.14 39.72 258.81
194.77 38.79 259.24
196.23 39.70 258.83
194.82 40.45 260.87
196.41 40.57 261.49
196.37 39.85 262.78
196.85 41.99 261.50
197.55 39.71 260.65
198.86 40.17 260.27
198.92 40.08 259.19
198.99 41.24 260.46
200.03 39.31 260.86
199.60 38.41 261.31
200.77 38.98 259.68
201.88 39.84 259.61
202.75 39.20 259.78
202.06 40.53 258.29
202.18 41.90 258.36
201.54 42.47 259.02
203.32 42.47 257.93
203.82 43.63 258.78
203.98 44.54 258.20
204.76 43.33 259.24
203.15 43.82 259.62
204.14 41.80 256.92
205.05 42.27 256.25
203.75 40.51 256.65
204.32 39.99 256.00
202.77 39.82 257.31
202.59 38.64 257.02
201.11 39.89 261.83
200.68 40.42 262.68
201.73 40.81 260.82
202.66 41.27 261.17
201.02 41.63 260.68
202.12 38.93 262.19
203.46 39.19 263.10
204.22 37.93 263.05
204.42 40.33 262.44
205.01 40.30 261.13
205.42 41.30 260.97
204.25 40.20 260.36
206.09 39.27 260.76
205.64 38.28 260.70
206.64 39.73 259.51
207.47 42.08 257.99
207.11 41.45 257.19
207.08 43.31 258.19
207.70 43.63 259.40
207.43 44.60 260.43
206.57 45.47 260.50
216.88 33.93 268.75
218.95 35.39 267.52
220.60 35.66 265.68
220.42 35.85 264.28
219.40 35.57 263.99
221.41 35.19 263.30
220.86 34.79 262.46
222.27 36.23 262.90
223.30 36.31 263.86
224.24 36.36 263.31
222.36 34.11 263.83
221.76 33.55 264.56
223.35 34.96 264.59
223.00 34.97 265.62
224.37 34.58 264.56
222.85 33.22 262.79
224.38 33.00 262.22
224.20 32.30 260.93
225.07 34.31 262.21
225.31 32.00 263.15
224.89 30.68 263.45
223.90 30.80 263.90
224.69 30.13 262.52
225.76 29.76 264.35
226.43 29.19 263.70
226.55 30.23 265.47
225.96 29.86 266.72
226.71 29.71 267.50
225.06 30.98 267.10
225.25 32.21 266.56
226.22 32.64 266.38
224.21 32.58 265.89
223.22 31.66 266.20
221.97 31.24 265.60
221.49 31.36 264.48
221.24 30.41 266.37
220.44 30.04 265.88
221.75 29.75 267.42
221.46 28.49 267.37
221.32 28.17 266.42
222.19 27.96 267.82
222.98 29.92 267.90
223.68 30.90 267.25
224.76 28.79 264.97
223.77 29.25 265.07
225.31 28.52 266.37
224.51 28.22 267.05
226.08 27.75 266.37
224.63 27.70 264.11
223.58 26.55 264.41
223.46 25.68 263.24
222.39 27.11 265.09
224.50 25.84 265.51
225.83 25.44 265.20
226.27 26.05 264.41
226.44 25.62 266.08
225.96 23.97 264.80
226.37 23.92 263.79
226.86 23.43 265.75
226.11 22.92 266.83
226.67 22.08 267.24
225.86 23.95 267.89
224.54 24.20 268.17
223.89 24.51 267.36
224.02 23.52 269.22
222.57 23.05 269.12
221.99 23.38 269.99
222.58 21.96 269.10
222.11 23.39 268.20
224.91 23.03 270.27
224.61 22.36 271.26
226.23 23.39 270.11
226.89 23.17 270.85
226.76 23.87 268.94
227.96 24.14 268.88
224.70 23.10 264.90
223.81 23.72 264.87
224.80 22.35 266.22
223.86 22.46 266.76
224.89 21.26 266.17
224.63 22.27 263.80
225.28 20.84 263.71
224.18 19.86 263.77
226.49 20.67 264.54
225.75 21.13 262.26
225.65 20.12 261.35
226.53 20.19 260.70
225.70 19.18 261.90
224.40 20.21 260.47
224.43 21.18 259.99
224.73 19.15 259.65
224.19 17.92 260.11
223.71 17.41 259.27
225.42 17.24 260.56
226.68 17.45 260.02
226.84 18.08 259.16
227.66 16.89 260.67
226.96 16.24 261.69
227.33 15.22 262.57
228.40 14.53 262.29
228.25 13.54 262.44
228.85 14.88 261.46
226.47 14.61 263.38
225.22 15.03 263.34
224.53 14.56 264.03
224.68 15.87 262.47
225.61 16.45 261.66
222.95 19.77 260.71
222.49 20.34 261.52
223.13 18.31 261.13
222.22 17.73 260.99
223.49 18.22 262.15
222.12 19.76 259.52
222.43 20.41 258.01
223.26 21.62 258.13
221.09 20.55 257.40
223.26 19.37 257.03
224.69 19.35 256.90
225.13 20.33 257.09
225.04 18.67 257.67
225.37 18.70 255.68
225.82 19.46 255.05
226.37 17.84 256.27
225.88 16.49 256.36
226.73 15.81 256.29
224.99 16.01 257.48
223.62 16.10 257.33
223.17 16.98 256.88
222.81 15.03 257.51
221.47 15.04 256.80
220.64 14.97 257.50
221.44 14.19 256.11
221.36 15.94 256.18
223.32 13.86 258.21
222.71 12.82 258.47
224.62 13.98 258.65
224.99 13.22 259.19
225.51 14.94 258.23
226.70 14.77 258.46
224.45 17.79 254.86
223.44 17.85 255.27
225.14 16.45 255.05
224.41 15.64 255.03
225.89 16.34 254.27
224.33 17.95 253.48
222.99 17.40 252.76
221.83 17.75 253.60
223.06 17.87 251.37
223.10 15.76 252.84
224.23 14.96 252.48
223.87 13.93 252.42
225.00 14.89 253.24
224.90 15.37 251.17
224.85 16.45 251.03
226.28 14.99 251.07
226.39 13.80 250.32
227.33 13.76 249.77
226.34 12.71 251.35
226.76 12.78 252.66
227.50 13.50 252.99
226.07 12.04 253.48
225.15 11.41 252.62
223.92 10.69 252.83
223.36 10.34 253.86
223.24 10.42 251.65
222.27 10.18 251.74
223.79 10.58 250.42
223.01 10.75 249.39
222.14 11.23 249.56
223.53 11.15 248.62
224.97 11.10 250.19
225.54 11.60 251.31
224.09 14.66 250.10
223.44 13.89 250.51
225.22 14.00 249.31
224.85 13.08 248.85
225.54 14.66 248.51
223.26 15.58 249.44
222.36 15.15 248.23
222.26 13.66 248.17
221.16 16.00 248.06
223.50 15.66 247.26
223.23 16.03 245.95
222.64 15.19 245.56
224.19 15.98 245.44
222.59 17.45 245.66
222.73 18.10 246.53
223.35 17.87 244.56
222.75 17.24 243.44
222.60 18.00 242.67
223.74 16.32 242.85
225.09 16.54 242.73
225.52 17.52 242.84
225.78 15.43 242.61
224.79 14.44 242.60
224.82 13.00 242.70
225.77 12.23 242.77
223.57 12.42 242.80
223.53 11.43 242.97
222.42 13.11 242.61
221.29 12.65 243.08
221.35 12.27 244.01
220.57 13.34 242.96
222.34 14.40 242.45
223.55 15.02 242.53
221.16 17.63 245.05
220.41 17.26 245.76
221.35 16.67 243.95
221.32 15.64 244.30
220.45 16.75 243.34
220.72 18.91 244.46
220.59 19.46 242.84
219.46 20.41 242.89
221.91 20.01 242.44
220.15 18.46 241.55
220.75 17.25 240.99
219.89 16.58 240.98
221.39 16.70 241.67
221.58 17.04 239.68
222.58 17.45 239.82
221.60 15.59 239.64
220.48 15.10 238.89
220.83 14.54 238.02
219.35 14.38 239.60
219.45 13.61 240.73
220.28 12.93 240.89
218.55 13.91 241.63
217.76 14.86 240.95
216.81 15.88 241.35
216.31 16.12 242.44
216.50 16.76 240.33
216.22 17.69 240.62
216.71 16.48 239.02
216.89 17.51 238.22
217.04 18.43 238.62
217.43 17.30 237.39
217.33 15.39 238.60
218.00 14.74 239.61
221.00 17.45 238.30
220.58 18.45 238.36
219.90 16.42 238.43
219.21 16.88 239.13
219.30 16.19 237.56
221.71 17.29 237.04
220.80 16.93 235.72
220.71 15.45 235.72
219.56 17.72 235.94
221.20 17.27 234.22
220.15 17.71 233.34
220.57 17.79 232.34
219.89 18.70 233.70
218.78 16.92 233.24
218.65 16.36 234.16
217.74 17.90 233.21
217.63 18.39 231.90
216.58 18.54 231.64
218.44 19.66 231.68
218.47 20.71 232.55
217.63 20.97 233.18
219.66 21.24 232.70
220.44 20.49 231.81
221.86 20.24 231.68
222.82 20.72 232.28
222.15 19.20 230.80
223.02 18.72 230.93
221.27 18.76 229.88
221.49 17.59 229.34
221.94 16.87 229.89
220.69 17.23 228.84
220.01 19.18 229.80
219.61 19.85 230.93
218.57 15.90 232.05
219.47 15.63 232.59
218.17 17.14 231.22
219.11 17.39 230.73
217.45 16.88 230.43
219.51 15.29 231.10
219.42 15.01 229.48
219.04 16.23 228.72
220.71 14.40 229.11
218.28 13.92 229.29
217.34 14.06 228.25
217.71 14.74 227.48
217.23 13.11 227.73
215.96 14.58 228.63
215.89 15.48 228.02
215.12 13.49 228.29
214.66 12.84 229.47
213.58 12.92 229.52
215.10 11.45 229.21
216.42 11.10 229.35
217.04 11.56 230.11
217.02 10.25 228.47
218.47 9.89 228.72
218.98 9.70 227.77
218.50 8.99 229.33
218.98 10.70 229.24
216.28 9.75 227.31
216.72 9.05 226.40
214.96 10.11 227.27
214.30 10.78 228.27
213.08 10.70 228.33
215.37 14.97 229.98
216.03 15.58 230.60
215.30 13.60 230.63
216.33 13.30 230.82
214.73 13.55 231.56
214.13 15.71 229.83
213.19 15.88 228.47
212.52 14.58 228.27
212.40 17.10 228.71
214.08 16.20 227.12
214.22 15.30 226.01
214.39 14.27 226.31
215.10 15.60 225.43
213.00 15.37 225.11
212.39 16.20 225.46
213.50 15.68 223.81
213.34 14.61 222.92
212.92 15.03 222.00
214.62 13.93 222.54
214.73 12.58 222.75
214.35 12.15 223.67
215.71 13.74 220.43
215.30 14.51 221.46
215.45 15.72 221.34
212.21 14.04 225.04
212.78 13.27 225.56
212.27 13.72 223.55
212.32 12.65 223.35
211.35 14.05 223.05
210.85 13.88 225.49
209.81 15.01 226.06
209.23 14.62 227.36
210.23 16.40 225.78
208.63 14.71 225.01
208.90 14.54 223.63
207.96 14.20 223.19
209.54 13.67 223.50
209.41 15.81 222.89
210.00 16.46 223.53
210.19 15.52 221.70
209.36 15.32 220.58
209.84 15.61 219.65
209.00 13.87 220.53
209.88 12.84 220.64
210.93 12.95 220.41
209.39 11.78 221.23
208.06 12.16 221.48
207.02 11.67 222.35
206.98 10.64 223.04
205.95 12.53 222.48
205.38 12.43 223.31
205.74 13.60 221.66
205.01 14.59 222.07
204.93 14.74 223.07
205.16 15.44 221.54
206.59 13.97 220.73
207.77 13.31 220.78
208.13 16.51 222.44
207.27 15.93 222.75
208.32 16.36 220.90
207.37 16.20 220.39
208.76 17.27 220.50
207.78 17.84 222.87
206.69 18.53 221.93
207.53 19.13 220.88
205.74 17.43 221.61
205.68 19.68 222.25
205.09 20.27 221.07
205.87 20.91 220.66
204.30 20.95 221.39
204.51 19.35 219.89
203.85 18.61 220.33
203.83 20.31 219.10
204.80 20.74 218.14
204.48 20.51 217.12
205.00 22.20 218.19
204.40 23.10 219.02
203.39 22.96 219.37
205.23 24.00 219.47
206.43 23.64 218.83
207.83 23.87 219.13
208.35 24.57 219.99
208.68 23.06 218.40
209.61 22.93 218.78
208.29 22.33 217.32
208.96 21.25 217.02
209.45 20.78 217.76
208.40 20.70 216.38
207.05 22.20 216.94
206.17 22.78 217.80
205.34 18.64 218.75
206.06 17.93 219.15
206.05 19.86 218.27
206.79 20.24 218.98
206.59 19.67 217.34
204.53 17.96 217.72
204.34 18.24 216.06
205.29 19.22 215.51
204.25 16.92 215.41
202.85 18.92 215.95
202.51 20.31 215.76
202.96 21.02 216.45
201.46 20.33 216.06
202.61 20.90 214.35
203.23 20.27 213.71
201.26 20.97 213.91
200.67 22.18 214.34
199.94 22.45 213.58
199.96 22.19 215.67
200.35 23.16 216.57
201.39 23.24 216.84
199.49 24.17 216.82
199.83 25.08 217.31
198.15 23.97 216.38
197.35 24.94 216.11
197.78 25.65 215.53
196.48 24.53 215.78
197.70 22.87 215.87
198.60 21.91 215.56
198.18 20.85 215.10
203.11 22.37 214.26
203.73 22.62 215.12
201.81 23.19 214.26
201.88 24.01 214.97
201.56 23.72 213.34
203.87 22.59 213.10
204.38 24.04 212.66
204.54 24.89 213.86
205.45 23.90 211.68
203.03 24.55 211.93
202.27 23.71 211.05
201.24 24.04 211.07
202.27 22.67 211.39
