154.9122009277 193.9398651123 214.7500000000
161.6788177490 187.5540313721 231.2099914551
157.6419219971 193.9789886475 214.1180114746
164.8739929199 188.8622131348 230.0299987793
155.7764739990 194.1112365723 216.5700073242
163.1036224365 191.0869750977 225.7195892334
154.3332824707 194.5581054688 228.7740020752
155.7843017578 198.0040740967 223.9824066162
157.8859558105 188.0088043213 226.8368072510
168.3689727783 190.7592620850 233.6790008545
152.1036224365 191.9869842529 226.8295898438
166.3516845703 189.8273773193 230.5899963379
157.8516845703 195.3673706055 220.3600006104
157.6046600342 188.9923553467 228.6000061035
152.6516571045 198.3593597412 225.3904113770
153.5299987793 198.2652282715 218.3273925781
166.3686218262 190.5317687988 231.9059906006
165.2443084717 191.2140655518 229.7023925781
163.1036224365 191.0869750977 225.7195892334
157.0988159180 188.5940246582 225.0899963379
157.0708618164 200.4229736328 214.0599975586
149.8546600342 194.4623565674 222.0500030518
153.2736206055 198.6269836426 224.8896026611
159.1127319336 200.4001007080 216.0589904785
158.5740661621 200.3128509521 214.3399963379
158.6767578125 194.0520172119 224.2846069336
152.3867034912 195.0297393799 230.9400024414
160.4707336426 186.9400024414 232.6625976562
166.7316894531 187.4573669434 223.2400054932
155.5039978027 193.4721984863 218.5899963379
153.6694030762 195.6025390625 231.1540069580
154.9122009277 193.9398651123 214.7500000000
162.6602935791 185.5498352051 228.5449981689
156.2516632080 193.4293518066 227.7203979492
159.1127319336 200.4001007080 216.0589904785
153.1182708740 191.1133880615 220.8260040283
152.9949951172 199.1069183350 220.2453918457
151.5747833252 189.0753173828 229.6110076904
152.3867034912 195.0297393799 230.9400024414
155.9716949463 193.0873718262 228.1100006104
164.9372253418 187.0053558350 222.4800109863
152.6067657471 191.2020111084 220.5246124268
157.6419219971 193.9789886475 214.1180114746
154.6052856445 194.1169281006 217.1040039062
156.8252868652 194.7269287109 217.3740081787
160.6433868408 193.4298706055 231.7826080322
154.0107269287 190.1900024414 219.9626007080
168.3394012451 190.9225311279 233.3339996338
151.4067687988 198.7920074463 219.0946044922
151.3447875977 194.7453155518 226.1009979248
161.8914031982 187.7899932861 224.8488006592
165.4043121338 188.7340698242 223.3824005127
156.2697601318 191.4900054932 237.4000091553
153.7874298096 194.3898620605 227.8300018311
152.7808685303 194.2629699707 224.8399963379
163.4313964844 189.3699951172 224.3587951660
161.1336517334 188.7778167725 232.6539916992
164.3279113770 189.2876129150 229.0769958496
157.6046600342 188.9923553467 228.6000061035
159.8908691406 185.6529693604 227.9299926758
154.9122009277 193.9398651123 214.7500000000
156.1540679932 197.5528564453 219.4700012207
154.6621398926 190.6369323730 229.3931884766
162.0843048096 191.0240631104 227.2523956299
151.1308746338 189.6029663086 229.6199951172
152.0425872803 193.4100036621 228.2980041504
160.0821990967 188.8498687744 225.1100006104
158.6313934326 189.7799987793 237.2687988281
155.5067596436 200.9220123291 215.0946044922
157.6346588135 188.1423492432 226.3800048828
159.5688171387 193.3240203857 214.3399963379
162.0522003174 185.8298645020 232.2899932861
159.4743041992 191.2340698242 237.4523925781
158.6767578125 194.0520172119 224.2846069336
150.8646545410 192.9923553467 230.6600036621
154.6517639160 198.4768066406 225.3410034180
160.7474212646 191.4298553467 227.6900024414
156.1588287354 188.1540222168 227.0800018311
163.5897521973 186.3300018311 222.2000122070
152.5859680176 191.5688018799 221.2468109131
156.8252868652 194.7269287109 217.3740081787
151.1667633057 196.2820129395 219.3646087646
159.6219177246 184.7389831543 226.9680023193
153.6265869141 197.9116973877 220.2457885742
152.1008605957 192.5529785156 223.5699920654
152.3867034912 195.0297393799 230.9400024414
151.4827270508 197.7700958252 224.5289916992
157.8316955566 193.3173675537 221.2500000000
159.1267089844 191.0297393799 228.8800048828
152.9520568848 194.1903991699 218.5769958496
160.2197570801 185.3099975586 225.6900024414
152.2440032959 192.0122070312 220.7400054932
154.9607086182 197.7366485596 220.9560089111
165.1152954102 185.8969268799 226.1040039062
150.7736206055 197.9869842529 224.0296020508
154.7936553955 193.7378234863 225.5240020752
155.3372344971 194.0053558350 227.2700042725
164.9372253418 187.0053558350 222.4800109863
157.1972351074 194.2353515625 220.4100036621
156.6788177490 195.4140319824 227.5000000000
159.6182708740 187.2633819580 225.4759979248
159.5536499023 192.2378234863 229.3439941406
151.5886077881 197.2056121826 216.4176025391
154.3332824707 194.5581054688 228.7740020752
160.5692596436 193.1191864014 230.1842041016
154.6621398926 190.6369323730 229.3931884766
156.6788177490 195.4140319824 227.5000000000
164.0852813721 185.3269348145 226.9040069580
150.9636230469 198.1969757080 225.4395904541
156.0252838135 195.5869293213 218.3639984131
165.9188232422 186.6240234375 224.0800018311
152.4117584229 198.2667999268 225.8710021973
159.9051361084 190.5000000000 237.7330017090
166.8516540527 191.8993530273 234.8603973389
156.3327331543 198.8101043701 226.5589904785
155.1808624268 196.8329772949 227.7799987793
159.0297851562 187.0657043457 235.2718048096
155.1808624268 196.8329772949 227.7799987793
153.8036193848 199.0469818115 216.5495910645
152.4927825928 191.0489959717 232.2962036133
156.8252868652 194.7269287109 217.3740081787
155.0916900635 193.9973754883 230.0200042725
149.5519256592 194.2889862061 223.0279998779
164.3697509766 190.0700073242 229.4700012207
162.4116821289 186.3873748779 229.3099975586
156.1488189697 196.2440338135 218.9100036621
150.8646545410 192.9923553467 230.6600036621
163.7852935791 186.0469207764 228.0240020752
162.7027740479 193.2790069580 232.1661987305
154.0927276611 198.6000976562 227.0889892578
162.4116821289 186.3873748779 229.3099975586
163.4867095947 189.4497375488 237.1300048828
165.1152954102 185.8969268799 226.1040039062
168.6072235107 188.9953613281 230.6500091553
157.1972351074 194.2353515625 220.4100036621
156.8931884766 194.1945800781 222.3679962158
166.8516540527 191.8993530273 234.8603973389
155.2732849121 193.5780944824 226.7140045166
163.6207122803 192.4766540527 230.9360046387
156.6788177490 195.4140319824 227.5000000000
156.6782836914 188.4633789062 223.9759979248
165.3252868652 187.6269226074 227.5339965820
151.4827270508 197.7700958252 224.5289916992
159.5522003174 186.2798767090 227.5599975586
149.8546600342 194.4623565674 222.0500030518
163.4867095947 189.4497375488 237.1300048828
164.3202819824 187.3898315430 228.2649993896
153.5986022949 197.8856201172 218.8175964355
161.5683898926 191.7379608154 228.6159973145
156.8988189697 190.5540313721 228.5699920654
159.5440673828 199.6528472900 217.0099945068
162.5699920654 184.1808471680 227.9199981689
152.5446624756 193.1723480225 224.0000000000
163.0082702637 185.1133880615 224.6360015869
152.4362945557 188.3686981201 227.5850067139
165.9146575928 189.4223480225 236.1499938965
155.8433074951 194.8126831055 224.1880035400
153.8036193848 199.0469818115 216.5495910645
168.3689727783 190.7592620850 233.6790008545
155.2602844238 195.1898345947 225.2949981689
160.5627746582 192.9190063477 226.5861968994
164.7686004639 190.3656158447 235.7675933838
162.0522003174 185.8298645020 232.2899932861
164.0939941406 185.1222076416 222.7600097656
155.3682708740 193.1333770752 219.1559906006
155.7526397705 188.5868072510 222.8829956055
152.1082763672 194.5233764648 224.9859924316
160.6325836182 189.5500030518 237.5579986572
153.3452911377 189.2869262695 230.7539978027
151.7106933594 196.5010375977 221.0802001953
159.6546630859 184.5623474121 227.0899963379
150.1859588623 195.0588073730 224.9368133545
158.0092163086 189.0175933838 221.6082000732
156.0074310303 193.4298553467 223.8300018311
161.5051422119 185.9100036621 223.8529968262
159.2572326660 192.7953491211 237.9900054932
154.1474304199 199.4198608398 216.4799957275
156.8931884766 194.1945800781 222.3679962158
157.6640777588 189.9528503418 228.4199981689
165.8989715576 189.7492675781 223.8689880371
153.0808715820 192.1629791260 225.7799987793
162.7027740479 193.2790069580 232.1661987305
156.6517639160 192.9168090820 238.3510131836
160.4167633057 192.6520080566 231.6446075439
163.9451446533 188.7700042725 223.4629974365
153.0707092285 199.6066436768 215.7460021973
161.8589630127 191.4792633057 238.1389923096
150.1859588623 195.0588073730 224.9368133545
152.3013916016 193.0700073242 219.9188079834
154.2840728760 194.1528472900 225.1199951172
160.5825805664 186.0099945068 224.5879974365
152.9459686279 190.3488006592 224.3668060303
153.0020599365 189.4180450439 223.5820007324
154.8972320557 193.4553527832 219.0100097656
165.4902801514 185.5698394775 224.8750000000
162.2972259521 191.0453491211 227.1300048828
162.4116821289 186.3873748779 229.3099975586
153.6265869141 197.9116973877 220.2457885742
153.6265869141 197.9116973877 220.2457885742
153.2927856445 197.6589965820 221.3961944580
164.0852813721 185.3269348145 226.9040069580
155.3333892822 199.9398651123 217.0126037598
158.0016937256 195.6673736572 216.7100067139
150.8946685791 188.5123443604 228.7799987793
156.9616851807 197.0773773193 218.0700073242
159.5688171387 193.3240203857 214.3399963379
151.2274169922 194.7998657227 230.1000061035
165.4902801514 185.5698394775 224.8750000000
156.8931884766 194.1945800781 222.3679962158
156.2516632080 193.4293518066 227.7203979492
164.5474243164 188.7598571777 222.9600067139
165.4043121338 188.7340698242 223.3824005127
161.6788177490 187.5540313721 231.2099914551
152.9825897217 192.4299926758 226.2380065918
159.5536499023 192.2378234863 229.3439941406
158.1916961670 192.1273651123 224.1100006104
152.2246551514 192.2723541260 231.5500030518
158.7039947510 187.6822052002 225.5400085449
162.5789337158 186.4058227539 228.8719940186
153.1687469482 189.0760040283 222.0485992432
154.0555725098 187.9659118652 227.5789947510
161.1149902344 189.8569183350 235.6553955078
154.1474304199 199.4198608398 216.4799957275
159.9486083984 189.2456207275 231.0675964355
152.1082763672 194.5233764648 224.9859924316
151.3447875977 194.7453155518 226.1009979248
154.9607086182 197.7366485596 220.9560089111
159.1983947754 191.5079650879 223.6259918213
155.0902862549 189.8198394775 228.5449981689
161.0939483643 192.9600067139 228.7138061523
154.2840728760 194.1528472900 225.1199951172
156.1886138916 200.1356201172 213.7575988770
159.2572326660 192.7953491211 237.9900054932
157.6046600342 188.9923553467 228.6000061035
156.6479187012 197.2776184082 227.7769927979
160.2197570801 185.3099975586 225.6900024414
150.8857574463 189.0359039307 228.8030090332
154.3332824707 194.5581054688 228.7740020752
151.3698120117 193.5067443848 221.5999908447
155.7482757568 194.5133819580 215.1060028076
165.9382629395 190.2772979736 236.5210113525
162.4049835205 194.7269287109 231.0153961182
155.4116668701 193.6493530273 224.8204040527
151.2274169922 194.7998657227 230.1000061035
154.6508636475 197.6629791260 219.1900024414
163.6921386719 188.2969360352 229.2531890869
158.1022033691 189.0598754883 223.9899902344
155.4116668701 193.6493530273 224.8204040527
164.7686004639 190.3656158447 235.7675933838
157.6172332764 192.1653594971 237.6800079346
154.0299987793 191.5808563232 231.6300048828
166.0727844238 190.7989959717 236.1561889648
154.3667144775 193.1097412109 225.2200012207
154.7936553955 193.7378234863 225.5240020752
154.3497619629 198.3600006104 215.6399993896
162.1474304199 190.3498535156 233.2700042725
154.6621398926 190.6369323730 229.3931884766
163.5782775879 186.7033843994 230.6259918213
157.4466857910 190.6300048828 223.2619934082
160.2433929443 191.6698608398 233.5626068115
151.1236267090 192.7469787598 228.9395904541
159.3891296387 191.3058624268 231.1640014648
152.2627868652 196.7189941406 228.7861938477
150.7586059570 197.0356140137 227.7075958252
150.0951385498 195.8999938965 222.0930023193
154.1474304199 199.4198608398 216.4799957275
165.3267059326 191.3597412109 231.1499938965
155.3646545410 188.9223480225 224.5299987793
164.3202819824 187.3898315430 228.2649993896
156.6782836914 188.4633789062 223.9759979248
166.2721405029 189.7269287109 231.0631866455
155.2433013916 196.3626861572 222.0480041504
152.9339904785 191.0022125244 221.8899993896
163.0582733154 186.4133758545 232.0459899902
159.8916931152 191.8773651123 238.8300018311
158.1620635986 186.8780517578 228.6520080566
161.8965911865 188.8616943359 235.1657867432
162.0049896240 192.9669189453 232.7953948975
165.5716857910 186.0873718262 223.3200073242
155.2732849121 193.5780944824 226.7140045166
162.0031890869 190.1045837402 225.8379974365
156.0116577148 196.0493621826 221.9804077148
152.1474304199 198.4098663330 216.9499969482
163.9808654785 190.6429748535 227.6399993896
156.0674285889 192.5498657227 238.2400054932
152.9839935303 193.7622070312 215.4300079346
154.6621398926 190.6369323730 229.3931884766
155.1640777588 193.5628509521 229.5099945068
156.8988189697 190.5540313721 228.5699920654
161.1783905029 191.2979583740 224.7460021973
150.2174224854 196.2698669434 221.4900054932
152.1097869873 188.7257080078 221.2918090820
157.1672210693 197.5353546143 224.1500091553
163.4867095947 189.4497375488 237.1300048828
163.9316864014 188.5173645020 229.2700042725
159.0297851562 187.0657043457 235.2718048096
157.4467620850 193.4320068359 226.4645996094
156.6788177490 195.4140319824 227.5000000000
157.5572357178 193.0453491211 223.2700042725
162.4116821289 186.3873748779 229.3099975586
154.5838012695 199.1972045898 214.4512023926
153.3452911377 189.2869262695 230.7539978027
156.1016540527 197.1793518066 220.9703979492
156.6867065430 192.9197387695 228.2899932861
156.0674285889 192.5498657227 238.2400054932
152.4636230469 198.3569793701 216.5795898438
152.9949951172 199.1069183350 220.2453918457
151.7902832031 194.3398284912 224.9349975586
160.3439941406 187.2322082520 225.5400085449
157.6299896240 200.3952331543 214.3273925781
159.0349884033 193.7469177246 227.6153869629
162.5699920654 184.1808471680 227.9199981689
156.8955841064 187.8759155273 222.7590026855
158.5033874512 193.0698699951 226.2026062012
150.8262939453 194.1486968994 222.9049987793
163.6921386719 188.2969360352 229.2531890869
157.2152862549 188.3069305420 227.6240081787
165.2539978027 186.4922027588 222.6800079346
153.3286132812 192.1156158447 225.7276000977
166.6421356201 188.9769287109 226.1731872559
156.0674285889 192.5498657227 238.2400054932
164.8222045898 186.3698730469 230.6499938965
154.0667114258 195.5297393799 230.5800018311
163.3874206543 187.3898620605 223.0400085449
153.1182708740 191.1133880615 220.8260040283
154.3416595459 198.7293548584 217.9403991699
153.9640655518 193.2528533936 232.6699981689
151.7051391602 190.1199951172 226.7730102539
154.3252868652 188.5269317627 228.6439971924
156.8988189697 190.5540313721 228.5699920654
163.6921386719 188.2969360352 229.2531890869
158.4289398193 196.6658325195 216.6020050049
154.4572296143 194.9153594971 229.1800079346
159.0820617676 189.8880462646 230.0720062256
157.7621307373 194.6969299316 220.0631866455
158.0443115234 191.5140686035 223.5223999023
156.6867065430 192.9197387695 228.2899932861
164.5474243164 188.7598571777 222.9600067139
161.2117614746 187.4468078613 225.0709991455
157.8516845703 195.3673706055 220.3600006104
158.8989715576 192.3592681885 237.5390014648
154.5840759277 199.0328521729 214.7099914551
151.8759613037 195.4288024902 217.4868011475
165.9382629395 190.2772979736 236.5210113525
150.8839569092 190.7299957275 228.8438110352
156.3327331543 198.8101043701 226.5589904785
153.3538055420 191.4071960449 231.6611938477
152.1082763672 194.5233764648 224.9859924316
154.1567077637 198.0097351074 227.8800048828
160.3516845703 199.1773681641 215.6100006104
157.0440673828 195.8428497314 221.7599945068
156.3552856445 192.2169342041 222.4340057373
155.3682708740 193.1333770752 219.1559906006
156.8988189697 190.5540313721 228.5699920654
163.7951354980 187.1300048828 222.0330047607
164.3697509766 190.0700073242 229.4700012207
153.7616577148 198.4693603516 224.5803985596
165.2667083740 191.5897369385 227.0800018311
162.9757537842 186.0459136963 224.0630035400
151.5886077881 197.2056121826 216.4176025391
156.3472290039 195.3553466797 218.3099975586
154.3416595459 198.7293548584 217.9403991699
156.0074310303 193.4298553467 223.8300018311
155.2732849121 193.5780944824 226.7140045166
154.3252868652 188.5269317627 228.6439971924
150.9097900391 196.3157043457 219.8618011475
160.1808624268 188.9729766846 231.4899902344
156.1540679932 197.5528564453 219.4700012207
151.4117584229 191.6567993164 227.9910125732
158.1786041260 189.8056182861 229.7276000977
159.6447753906 190.9453277588 223.9010009766
156.6782836914 188.4633789062 223.9759979248
156.2697601318 191.4900054932 237.4000091553
162.3752899170 186.9469299316 230.6139984131
157.8316955566 193.3173675537 221.2500000000
157.9674224854 190.7998657227 228.0400085449
154.9459686279 189.2088012695 225.3368072510
154.9527282715 198.6201019287 224.8889923096
152.1097869873 188.7257080078 221.2918090820
157.8516845703 195.3673706055 220.3600006104
155.4118652344 192.9975280762 230.2019958496
165.2443084717 191.2140655518 229.7023925781
154.5197906494 188.3257141113 221.9918060303
162.5789337158 186.4058227539 228.8719940186
160.3806915283 192.0510253906 232.2702026367
150.1686248779 197.3617706299 222.0759887695
157.6046600342 188.9923553467 228.6000061035
154.7936553955 193.7378234863 225.5240020752
160.2197570801 185.3099975586 225.6900024414
150.7586059570 197.0356140137 227.7075958252
161.5683898926 191.7379608154 228.6159973145
158.1997528076 188.8899993896 224.9800109863
159.5736236572 191.6469726562 228.1595916748
149.5519256592 194.2889862061 223.0279998779
153.5014038086 192.7799987793 218.9788055420
156.6049957275 191.1169281006 222.3753967285
153.1017608643 192.9168090820 226.9210052490
161.4527740479 198.0590057373 216.8861999512
159.4279174805 198.8676147461 217.2769927979
161.1783905029 191.2979583740 224.7460021973
160.3439941406 187.2322082520 225.5400085449
157.3643035889 192.8240661621 223.2624053955
153.5747833252 188.0953216553 220.1410064697
162.8784637451 192.5462799072 229.3497924805
164.1283874512 191.6779632568 229.1159973145
153.7467041016 194.3097381592 231.8300018311
162.0031890869 190.1045837402 225.8379974365
164.3697509766 190.0700073242 229.4700012207
158.0092163086 189.0175933838 221.6082000732
161.6040649414 186.8628540039 230.7099914551
157.8346557617 193.6523437500 213.7799987793
154.1567077637 198.0097351074 227.8800048828
156.6517639160 192.9168090820 238.3510131836
154.3497619629 198.3600006104 215.6399993896
165.9188232422 186.6240234375 224.0800018311
164.5474243164 188.7598571777 222.9600067139
164.9816589355 191.4593505859 227.0803985596
151.7051391602 190.1199951172 226.7730102539
155.3646545410 188.9223480225 224.5299987793
151.1308746338 189.6029663086 229.6199951172
157.1667175293 193.6597290039 224.6699981689
149.2757568359 194.8159027100 224.1230010986
156.6840667725 196.7228546143 228.0599975586
166.7125854492 188.7299957275 230.4779968262
166.2721405029 189.7269287109 231.0631866455
161.2338256836 191.2284698486 225.5513916016
161.6040649414 186.8628540039 230.7099914551
164.1074218750 191.3598632812 226.2400054932
152.1767578125 190.8920135498 226.0446014404
161.5988159180 185.5540313721 230.1499938965
152.9492187500 199.5375823975 214.7881927490
159.6182708740 187.2633819580 225.4759979248
155.2433013916 196.3626861572 222.0480041504
157.1399993896 190.2752380371 220.4573974609
162.9339904785 186.9222106934 230.4199981689
166.8516540527 191.8993530273 234.8603973389
150.8946685791 188.5123443604 228.7799987793
157.2238006592 190.4272003174 228.5312042236
160.6433868408 193.4298706055 231.7826080322
163.5897521973 186.3300018311 222.2000122070
150.1859588623 195.0588073730 224.9368133545
160.7474212646 191.4298553467 227.6900024414
157.6346588135 188.1423492432 226.3800048828
163.3874206543 187.3898620605 223.0400085449
161.9352874756 185.7169342041 229.8840026855
164.7686004639 190.3656158447 235.7675933838
165.7749938965 192.2469177246 235.0053863525
159.3327789307 192.2989959717 228.7661895752
150.9186096191 191.5856170654 231.2075958252
150.8262939453 194.1486968994 222.9049987793
165.6402893066 187.2098388672 226.3049926758
154.9459686279 189.2088012695 225.3368072510
151.3859558105 191.8588104248 222.1868133545
161.1872253418 189.1153564453 225.2600097656
160.6857604980 184.8259124756 225.8829956055
162.8784637451 192.5462799072 229.3497924805
159.7065887451 193.5116882324 226.3857879639
157.0708618164 200.4229736328 214.0599975586
151.1746673584 192.4723510742 221.5800018311
157.0949859619 201.2369232178 216.2453918457
163.9518585205 185.5975189209 226.4919891357
159.0820617676 189.8880462646 230.0720062256
154.4572296143 194.9153594971 229.1800079346
159.8916931152 191.8773651123 238.8300018311
164.3279113770 189.2876129150 229.0769958496
151.3991241455 198.3758544922 216.4739990234
153.7874298096 194.3898620605 227.8300018311
158.6767578125 194.0520172119 224.2846069336
168.3394012451 190.9225311279 233.3339996338
151.4067687988 198.7920074463 219.0946044922
158.1022033691 189.0598754883 223.9899902344
157.0440673828 195.8428497314 221.7599945068
149.8546600342 194.4623565674 222.0500030518
155.0916900635 193.9973754883 230.0200042725
152.1082763672 194.5233764648 224.9859924316
156.0139923096 195.2822113037 226.1000061035
159.3327789307 192.2989959717 228.7661895752
163.5240783691 189.5228424072 234.9499969482
155.0916900635 193.9973754883 230.0200042725
156.1588287354 188.1540222168 227.0800018311
160.1808624268 188.9729766846 231.4899902344
159.2572326660 192.7953491211 237.9900054932
152.4362945557 188.3686981201 227.5850067139
156.0184631348 191.1962890625 220.3797912598
152.4608612061 193.3629760742 232.3899993896
163.6517639160 190.3068084717 224.6809997559
155.1808624268 196.8329772949 227.7799987793
151.7051391602 190.1199951172 226.7730102539
155.0916900635 193.9973754883 230.0200042725
158.0016937256 195.6673736572 216.7100067139
158.1916961670 192.1273651123 224.1100006104
151.1236267090 192.7469787598 228.9395904541
149.5519256592 194.2889862061 223.0279998779
158.9539489746 192.6000061035 223.1338043213
156.8988189697 190.5540313721 228.5699920654
152.6288299561 188.1840209961 229.3399963379
167.8027343750 191.6501007080 235.7089996338
159.1267089844 191.0297393799 228.8800048828
151.7902832031 194.3398284912 224.9349975586
156.6782836914 188.4633789062 223.9759979248
165.3982849121 185.9033813477 231.6759948730
152.9492187500 199.5375823975 214.7881927490
160.2433929443 191.6698608398 233.5626068115
157.0708618164 200.4229736328 214.0599975586
168.6072235107 188.9953613281 230.6500091553
157.4916839600 196.2473754883 226.6600036621
152.1394042969 197.7525329590 223.5039978027
152.4636230469 198.3569793701 216.5795898438
154.3252868652 188.5269317627 228.6439971924
161.4398040771 183.9567413330 225.5399932861
161.1783905029 191.2979583740 224.7460021973
150.9186096191 191.5856170654 231.2075958252
162.0049896240 192.9669189453 232.7953948975
155.7526397705 188.5868072510 222.8829956055
151.5747833252 189.0753173828 229.6110076904
152.4117584229 198.2667999268 225.8710021973
161.8914031982 187.7899932861 224.8488006592
157.9792633057 193.1691894531 225.1342010498
152.1036224365 191.9869842529 226.8295898438
154.6094055176 194.6225280762 229.0940093994
155.5240783691 198.5928497314 218.1599884033
163.6207122803 192.4766540527 230.9360046387
160.3806915283 192.0510253906 232.2702026367
164.3789520264 185.5581817627 225.4769897461
164.9736175537 191.5269775391 233.4995880127
153.7616577148 198.4693603516 224.5803985596
164.8222045898 186.3698730469 230.6499938965
158.1620635986 186.8780517578 228.6520080566
165.3982849121 185.9033813477 231.6759948730
154.0555725098 187.9659118652 227.5789947510
157.6640777588 189.9528503418 228.4199981689
165.9382629395 190.2772979736 236.5210113525
163.1036224365 191.0869750977 225.7195892334
164.8739929199 188.8622131348 230.0299987793
164.6116638184 192.2093505859 231.9703979492
155.3333892822 199.9398651123 217.0126037598
152.9459686279 190.3488006592 224.3668060303
163.0246582031 185.5823516846 223.6000061035
157.5572357178 193.0453491211 223.2700042725
151.4514007568 191.0299987793 227.5787963867
162.4049835205 194.7269287109 231.0153961182
157.9097595215 192.1199951172 237.7100067139
158.6313934326 189.7799987793 237.2687988281
156.1540679932 197.5528564453 219.4700012207
156.6479187012 197.2776184082 227.7769927979
150.1097869873 189.7057037354 230.7618103027
155.5607147217 196.1866455078 223.0960083008
163.4867095947 189.4497375488 237.1300048828
153.3286132812 192.1156158447 225.7276000977
150.7736206055 197.9869842529 224.0296020508
157.6346588135 188.1423492432 226.3800048828
153.5986022949 197.8856201172 218.8175964355
153.2927856445 197.6589965820 221.3961944580
150.9239959717 194.0022125244 221.2100067139
165.9183959961 188.8179626465 230.2859954834
156.6402893066 195.3798370361 226.9649963379
152.8708648682 197.0629730225 228.4400024414
156.6517639160 192.9168090820 238.3510131836
154.1567077637 198.0097351074 227.8800048828
150.8646545410 192.9923553467 230.6600036621
151.4117584229 191.6567993164 227.9910125732
165.9382629395 190.2772979736 236.5210113525
154.0389404297 193.8058319092 232.5820007324
151.8836212158 198.0969848633 223.2195892334
154.7620544434 188.3903961182 220.7969970703
159.8397521973 188.4400024414 224.9800109863
156.6038055420 191.7171936035 229.0811920166
165.1152954102 185.8969268799 226.1040039062
149.8017578125 197.4367980957 223.3110046387
166.3516845703 189.8273773193 230.5899963379
157.1399993896 190.2752380371 220.4573974609
151.0819244385 192.1389923096 230.6780090332
158.0408630371 199.7629699707 216.7299957275
159.9051361084 190.5000000000 237.7330017090
163.2214050293 187.6399993896 222.9288024902
160.0304718018 191.9369354248 227.6373901367
156.7767028809 198.1497344971 225.5500030518
158.2807312012 191.5899963379 223.8825988770
161.2117614746 187.4468078613 225.0709991455
150.9097900391 196.3157043457 219.8618011475
155.1640777588 193.5628509521 229.5099945068
163.7938079834 188.1671905518 228.9311981201
157.4466857910 190.6300048828 223.2619934082
165.9382629395 190.2772979736 236.5210113525
154.0752868652 190.5369262695 230.5639953613
167.2597503662 188.3200073242 230.3700103760
162.8936309814 189.3569793701 224.2895965576
156.6517639160 192.9168090820 238.3510131836
154.4002838135 195.1698303223 227.4949951172
156.6049957275 191.1169281006 222.3753967285
156.6049957275 191.1169281006 222.3753967285
165.2667083740 191.5897369385 227.0800018311
161.8589630127 191.4792633057 238.1389923096
157.1972351074 194.2353515625 220.4100036621
161.6040649414 186.8628540039 230.7099914551
160.4167633057 192.6520080566 231.6446075439
155.7843017578 198.0040740967 223.9824066162
165.4043121338 188.7340698242 223.3824005127
154.6621398926 190.6369323730 229.3931884766
152.4608612061 193.3629760742 232.3899993896
165.4043121338 188.7340698242 223.3824005127
154.9997558594 194.6799926758 218.0299987793
158.4691314697 188.2958679199 229.7440032959
159.6182708740 187.2633819580 225.4759979248
152.9952850342 194.5269317627 225.8440093994
160.1008605957 186.9729766846 230.4299926758
159.3891296387 191.3058624268 231.1640014648
156.6782836914 188.4633789062 223.9759979248
155.5037994385 197.2872009277 227.6112060547
161.2936248779 188.9369812012 236.1895904541
155.3067169189 199.6497344971 217.3199920654
151.8836212158 198.0969848633 223.2195892334
158.1022033691 189.0598754883 223.9899902344
156.3083953857 192.5279541016 220.0159912109
154.4079132080 197.0676116943 228.3069915771
159.6182708740 187.2633819580 225.4759979248
163.9316864014 188.5173645020 229.2700042725
161.0939483643 192.9600067139 228.7138061523
152.8839569092 189.7500000000 219.3738098145
155.2602844238 195.1898345947 225.2949981689
155.5039978027 193.4721984863 218.5899963379
164.6116638184 192.2093505859 231.9703979492
159.5440673828 199.6528472900 217.0099945068
