149.66 199.33 209.82
148.31 201.97 214.34
147.81 201.29 215.60
146.84 200.81 215.44
148.53 200.51 215.84
147.79 201.99 216.43
149.67 202.55 214.34
150.21 203.15 215.26
150.30 202.42 213.12
151.27 202.17 213.15
149.61 201.82 212.10
149.99 200.75 211.66
152.08 201.95 209.48
152.82 202.09 210.76
151.76 200.41 209.22
152.55 199.32 209.66
153.57 199.67 209.85
152.01 198.49 210.85
150.96 198.25 210.70
152.77 197.28 210.85
153.92 197.50 211.65
154.03 196.65 212.32
155.10 197.62 210.77
155.20 197.26 209.45
156.30 197.66 208.86
156.94 198.38 209.89
158.09 199.19 209.98
158.89 199.47 208.97
159.60 200.17 209.17
158.47 199.78 211.11
157.71 199.58 212.17
158.01 200.08 213.08
156.64 198.81 212.26
156.27 198.28 211.07
152.18 199.01 212.29
151.95 200.06 212.42
153.67 198.82 212.41
154.02 198.80 213.45
154.14 199.67 211.93
151.39 198.17 213.13
151.19 198.43 214.70
150.18 197.48 215.21
151.07 199.87 214.98
152.62 197.93 215.20
153.11 196.65 214.83
153.94 196.81 214.14
152.34 196.06 214.34
153.70 195.86 215.97
153.09 194.97 216.13
155.05 195.51 215.66
155.92 196.47 216.24
156.63 195.91 216.85
156.71 197.16 215.18
157.47 196.27 214.46
156.98 195.38 214.08
158.82 196.39 214.43
159.64 195.25 213.88
159.01 194.40 213.64
160.18 195.58 212.99
160.36 194.95 214.64
159.48 197.56 215.02
160.68 197.74 215.16
158.61 198.53 215.45
158.98 199.42 215.75
157.24 198.44 215.45
156.62 199.47 215.67
153.78 196.64 217.26
152.96 197.35 217.37
155.12 197.33 217.23
154.96 198.36 216.90
155.59 197.32 218.21
153.72 195.67 218.22
153.11 195.99 219.62
152.52 197.34 219.67
152.28 194.83 219.94
154.51 196.06 220.41
155.54 195.09 220.29
156.48 195.61 220.50
155.61 194.68 219.29
155.45 193.96 221.30
156.46 193.56 221.39
155.11 194.51 222.55
153.74 194.26 222.83
153.72 193.92 223.86
152.92 195.50 222.89
151.55 195.56 222.79
151.03 195.21 221.91
150.98 195.90 223.92
152.09 196.27 224.71
152.28 196.48 226.12
151.49 196.40 227.06
153.59 196.73 226.48
153.81 196.72 227.46
154.59 196.91 225.57
155.83 196.94 225.95
156.43 196.86 225.13
156.12 196.49 226.80
154.45 196.75 224.28
153.20 196.38 223.90
154.49 192.78 221.02
154.16 192.78 219.99
153.29 193.07 221.96
153.04 192.21 222.59
152.35 193.22 221.44
155.35 191.65 221.29
154.92 190.19 221.84
156.13 189.35 221.80
153.72 189.75 221.10
154.53 190.39 223.40
154.85 191.56 224.14
154.02 191.82 224.80
155.01 192.38 223.44
156.17 191.73 224.85
156.82 192.37 224.25
155.85 192.36 226.07
155.69 191.34 227.04
156.34 191.63 227.87
154.28 191.38 227.53
154.02 192.43 228.38
154.60 193.33 228.25
153.17 192.28 229.43
153.08 193.41 230.44
153.72 194.24 230.16
152.04 193.74 230.52
153.40 193.02 231.41
152.44 191.03 229.62
151.72 190.73 230.57
152.59 190.12 228.60
152.07 189.26 228.64
153.42 190.27 227.51
153.29 189.44 226.62
156.85 190.42 225.11
156.54 189.67 224.39
156.31 190.05 226.49
155.60 189.23 226.38
157.10 189.72 227.16
158.24 190.63 224.90
159.19 191.59 225.76
158.56 191.98 227.04
159.79 192.60 224.86
160.22 190.42 226.02
159.79 189.22 226.61
158.81 188.89 226.24
160.45 188.44 226.24
159.70 189.25 228.14
158.78 189.74 228.46
159.69 187.85 228.47
161.03 187.46 228.75
161.04 186.63 229.45
161.85 187.11 227.53
161.62 186.01 226.73
160.83 185.31 226.95
162.39 185.91 225.68
163.18 187.07 225.77
164.21 187.64 224.97
164.68 187.13 223.86
165.36 187.70 223.38
164.20 186.33 223.46
164.83 188.77 225.29
164.42 189.37 226.40
164.92 190.30 226.66
163.51 188.95 227.25
162.88 187.79 226.89
160.89 189.93 228.84
161.56 190.37 228.11
161.47 188.69 229.48
161.12 188.63 230.51
162.56 188.76 229.41
160.61 190.86 229.89
161.78 191.54 230.81
161.53 191.20 232.22
161.93 192.96 230.44
163.17 190.80 230.39
164.05 190.12 231.29
164.22 190.75 232.15
164.98 190.07 230.73
163.75 188.66 231.76
163.04 188.13 231.12
164.96 187.94 231.56
165.57 187.86 232.81
166.17 186.96 232.83
166.48 189.02 233.04
167.75 188.73 232.62
167.87 188.32 231.63
168.76 188.72 233.53
170.07 188.08 233.13
170.00 187.62 232.15
170.86 188.83 233.15
170.29 187.30 233.86
168.53 189.20 234.90
169.32 189.15 235.83
167.30 189.78 235.10
167.09 190.17 236.01
166.29 189.81 234.18
165.30 190.48 234.43
163.23 188.37 233.18
162.96 189.29 233.69
164.43 187.65 233.79
164.64 187.97 234.81
164.25 186.57 233.80
162.19 187.40 233.20
161.38 186.94 234.54
160.65 185.70 234.19
160.64 188.09 235.08
162.49 186.50 235.65
162.61 187.22 236.87
163.14 188.16 236.71
161.60 187.47 237.20
163.31 186.43 238.01
164.34 186.21 237.73
163.25 187.22 239.20
161.98 187.02 239.82
162.13 186.86 240.89
161.18 188.26 239.61
161.67 189.55 239.70
162.72 189.75 239.87
160.79 190.50 239.56
159.62 189.78 239.31
158.28 190.14 239.04
157.83 191.38 238.96
156.88 191.49 238.66
158.52 192.12 238.97
157.32 189.24 238.85
157.68 187.96 238.93
156.89 187.24 238.76
158.86 187.46 239.24
159.82 188.42 239.37
162.61 185.13 238.43
162.27 184.57 237.56
161.43 185.71 239.21
161.10 185.02 239.98
160.63 185.89 238.50
163.41 184.32 239.29
