189.0102844238 160.1598358154 50.4850006104
154.6833038330 184.0726928711 74.4680023193
162.9246673584 183.2323455811 70.1100006104
167.2852935791 188.2469329834 64.7239990234
162.0288238525 191.8540191650 63.1399993896
158.2016601562 194.3693542480 76.1403961182
159.2921447754 192.7869262695 74.2231979370
167.7152862549 184.2269287109 72.8440017700
172.0982666016 193.9873046875 62.8010025024
157.9494018555 194.6625366211 77.6439971924
165.4640045166 188.1522064209 63.2500000000
160.9482574463 193.3473052979 63.3010025024
160.9316558838 190.7593536377 72.3404006958
164.1506958008 191.8510284424 68.0901947021
172.3346557617 192.1323547363 60.7200012207
149.3249969482 188.8869171143 74.9553985596
159.6918640137 192.0575256348 76.6920013428
167.5636291504 193.8169860840 62.9095993042
166.0406951904 191.6910247803 57.6602020264
166.2440032959 188.3922119141 59.7900009155
157.9494018555 194.6625366211 77.6439971924
166.8189544678 183.8881835938 69.1169967651
159.2921447754 192.7869262695 74.2231979370
165.2133941650 190.9298706055 58.4126014709
168.7882537842 197.4972991943 61.0010032654
164.2202911377 192.7798309326 64.2350006104
128.7374267578 184.5898590088 98.5900039673
163.1257629395 183.1559143066 69.5230026245
187.0217590332 163.2568054199 48.8610000610
155.9159698486 188.1287994385 73.8667984009
128.3746643066 182.7823486328 99.1500015259
163.0782775879 186.6033782959 66.5960006714
158.3189392090 192.8658294678 79.0719985962
168.7839965820 194.7522125244 57.5400009155
155.0467071533 187.7297363281 72.6999969482
162.5416870117 188.2673645020 72.2500000000
159.4474182129 190.7898559570 71.0500030518
168.8940734863 193.7628479004 61.8999977112
165.7397613525 189.6000061035 59.2300033569
152.0389709473 187.9092559814 72.2490005493
170.0039520264 189.4900054932 59.8937988281
148.5836181641 188.1969757080 73.7196044922
148.0139617920 187.1199951172 72.6538009644
161.1747894287 189.5253143311 59.8610000610
188.9340667725 162.9528503418 50.6399993896
152.3539581299 187.2200012207 72.0638046265
161.0636291504 193.4569854736 60.3695983887
131.8389739990 184.2992706299 93.6490020752
155.5636291504 190.6469726562 71.8296051025
166.8374176025 193.5898590088 64.8700027466
165.6108703613 190.5129699707 70.9900054932
162.0086059570 189.9856109619 71.5576019287
159.2640686035 190.6928558350 77.0699996948
163.3467102051 191.9297332764 68.7099990845
161.1747894287 189.5253143311 59.8610000610
165.3979187012 193.8176116943 63.4869995117
155.9159698486 188.1287994385 73.8667984009
156.8033142090 185.9426879883 72.6180038452
165.0567626953 193.7720184326 66.9645996094
151.7879180908 187.2676086426 75.4970016479
170.1320495605 189.0403900146 60.7870025635
128.3746643066 182.7823486328 99.1500015259
153.9627838135 187.5390014648 75.5161972046
165.3291320801 192.8358612061 64.8239974976
189.0102844238 160.1598358154 50.4850006104
159.0639953613 185.7922058105 71.5200042725
171.6055755615 188.0159149170 62.5789985657
155.9786224365 194.2717742920 76.2160034180
163.6446685791 190.6323547363 63.5599975586
162.0288238525 191.8540191650 63.1399993896
159.3331909180 187.0345916748 70.4380035400
165.9763031006 183.1887054443 70.0650024414
163.4897613525 183.9799957275 68.7099990845
157.4020538330 187.5180511475 73.7819976807
165.7374267578 191.2298583984 69.5900039673
167.2708740234 193.9529724121 59.8299980164
168.1143035889 188.2540740967 69.3023986816
164.4438018799 189.8071899414 72.0111999512
160.6057586670 191.7659149170 62.0830001831
163.1202850342 191.2898406982 62.8950004578
148.7333984375 186.5098571777 72.2526016235
129.2302856445 180.4298400879 98.7249984741
155.6757659912 191.7559051514 73.3530044556
173.3788299561 194.3240203857 63.5499992371
162.1874237061 191.6998596191 67.8700027466
156.9872283936 190.4153594971 71.1800003052
164.6640777588 187.6928558350 71.8100051880
189.3816833496 160.9873657227 50.1900024414
155.7536315918 194.8969726562 73.7695999146
162.6257629395 189.0959014893 60.4629974365
168.5136260986 193.4969787598 56.5495986938
189.1072235107 163.3953552246 48.4000015259
170.3586120605 197.2056121826 63.0975990295
151.1349945068 188.1569213867 69.0454025269
156.5097503662 193.4700012207 71.1500015259
164.1763000488 188.4286956787 59.2449989319
162.0482635498 194.8372955322 64.6409988403
156.6046600342 190.8923492432 77.6500015259
169.9382781982 189.5633850098 57.5660018921
164.4789733887 195.3192596436 61.7989997864
188.8827362061 164.8200988770 47.2390022278
153.9867706299 189.3820037842 69.9245986938
129.8967132568 184.8197326660 99.4300003052
162.1874237061 191.6998596191 67.8700027466
156.3074188232 194.5298614502 71.9900054932
162.8797912598 190.7057037354 65.8618011475
168.2726440430 189.5767974854 57.2430000305
166.8840026855 188.2622070312 62.1499977112
153.8143005371 186.0640716553 69.6024017334
161.9336242676 190.2769775391 67.0496063232
155.9159698486 188.1287994385 73.8667984009
167.5589447021 189.4958343506 72.3219985962
167.5749969482 187.5469207764 73.4654006958
155.0946655273 187.3423461914 72.9799957275
153.1816558838 187.0593566895 71.8703994751
187.0182647705 163.4472961426 48.0510025024
156.2017669678 194.3768005371 72.5410003662
159.2443084717 192.8040771484 71.1823959351
155.3239593506 186.4400024414 66.9438018799
170.3272247314 193.3653564453 63.1899986267
172.0982666016 193.9873046875 62.8010025024
157.1859588623 186.8787994385 72.4767990112
153.8397521973 183.8399963379 69.5400009155
155.9446563721 192.7223510742 72.5500030518
156.9574279785 194.4798583984 76.8499984741
167.8019256592 194.7289886475 59.0579986572
163.9940032959 182.7722015381 69.2700042725
166.7589721680 192.3592681885 60.1189994812
151.1349945068 188.1569213867 69.0454025269
188.8827362061 164.8200988770 47.2390022278
161.2837982178 189.0471954346 73.7012023926
157.3621368408 185.0869293213 71.7732009888
157.4297790527 188.1557006836 69.0718002319
157.8088226318 188.0440216064 75.2500000000
164.7640686035 190.4928436279 71.4100036621
162.7514038086 191.3600006104 58.6988029480
165.7097930908 191.6257019043 56.2318000793
167.7152862549 184.2269287109 72.8440017700
189.7416839600 162.4773712158 49.2400016785
155.5486145020 193.7356109619 76.0375976562
165.0567626953 193.7720184326 66.9645996094
153.9627838135 187.5390014648 75.5161972046
173.3788299561 194.3240203857 63.5499992371
168.5136260986 193.4969787598 56.5495986938
168.9792175293 185.4475860596 72.6981964111
163.0782775879 186.6033782959 66.5960006714
154.9552917480 182.7369232178 72.7239990234
167.5488281250 188.3940277100 63.5499992371
166.1288299561 188.2840270996 64.6500015259
165.7397613525 189.6000061035 59.2300033569
170.2033081055 191.1726837158 64.8180007935
169.2289581299 188.1481781006 70.9469985962
154.8992614746 188.5191955566 69.4242019653
165.0034790039 189.6830596924 71.8460006714
169.9367065430 193.9797363281 64.5899963379
165.7097930908 191.6257019043 56.2318000793
163.2852935791 189.9969329834 62.1839981079
173.3388214111 192.0140228271 62.7200012207
157.6739959717 190.4322052002 76.8100051880
167.5997619629 193.6100006104 57.5900001526
167.7146606445 195.2123565674 58.3800010681
169.5116882324 189.6173706055 64.6399993896
130.4927368164 185.3701019287 98.7089996338
165.0567626953 193.7720184326 66.9645996094
155.4674224854 193.5298614502 76.6399993896
166.1288299561 188.2840270996 64.6500015259
162.1374206543 194.9798583984 63.5900039673
171.6446685791 194.6523437500 62.9899978638
190.1889495850 161.3681793213 49.2670021057
163.0782775879 186.6033782959 66.5960006714
170.0743103027 193.1940765381 62.0023994446
165.8134002686 186.2498626709 74.2325973511
161.1317596436 194.3868103027 61.2709999084
157.0614013672 191.7100067139 70.7287979126
163.9940032959 182.7722015381 69.2700042725
163.4682617188 184.7373046875 70.7409973145
160.5566864014 189.7299957275 67.2119979858
186.8346557617 160.4823455811 50.4700012207
167.3974304199 194.6698608398 58.4300003052
155.0467071533 187.7297363281 72.6999969482
160.2067718506 192.6320037842 60.2445983887
159.4207305908 188.5000000000 67.0925979614
170.2033081055 191.1726837158 64.8180007935
163.4897613525 183.9799957275 68.7099990845
156.8288269043 187.0140228271 73.5399932861
149.9774169922 188.6198577881 72.4900054932
168.5136260986 193.4969787598 56.5495986938
160.9972229004 190.4053497314 70.4899978638
128.6282653809 183.9972991943 99.5209960938
155.1233978271 194.6598663330 76.0125961304
131.2088165283 183.1040191650 98.4499969482
162.1720581055 186.5480499268 68.7519989014
171.0152893066 189.7769317627 59.8339996338
159.5632781982 192.3081054688 73.4140014648
156.8614044189 188.4799957275 69.3988037109
157.9267578125 190.6320037842 68.3045959473
166.7108612061 192.8729705811 66.2700042725
158.1538238525 186.5784759521 69.8414001465
167.0243072510 192.3840637207 61.4323997498
155.6757659912 191.7559051514 73.3530044556
163.5682830811 189.4033813477 59.6060028076
170.0743103027 193.1940765381 62.0023994446
163.3546600342 183.8823547363 68.5800018311
157.9946594238 186.2523498535 72.3600006104
163.5140686035 194.1528472900 65.2700042725
163.4682617188 184.7373046875 70.7409973145
154.2639617920 187.9299926758 68.7738037109
167.7238006592 186.3471984863 73.7511978149
159.5099945068 192.5952301025 70.2974014282
166.9749908447 192.2269287109 57.6454010010
166.9355773926 190.8459167480 68.4990005493
165.2133941650 190.9298706055 58.4126014709
171.1304626465 191.1869354248 63.7074012756
162.0482635498 194.8372955322 64.6409988403
156.3074188232 194.5298614502 71.9900054932
156.1739959717 191.2622070312 76.3600006104
189.1072235107 163.3953552246 48.4000015259
158.9749908447 193.4369201660 72.2154006958
165.1951446533 185.9400024414 67.1129989624
158.9749908447 193.4369201660 72.2154006958
162.2317657471 195.8768005371 62.6110000610
157.9946594238 186.2523498535 72.3600006104
165.6340026855 183.0222015381 70.9800033569
157.5246582031 189.7123565674 75.9499969482
163.5619201660 189.0489959717 60.9079971313
170.0397796631 196.4457092285 62.5817985535
188.5688171387 160.1540222168 51.0300025940
167.3908691406 193.8729705811 61.6199989319
159.2921447754 192.7869262695 74.2231979370
163.0782775879 186.6033782959 66.5960006714
166.0334014893 193.1198577881 57.3826026917
167.7913970947 193.2200012207 57.6487998962
162.0855865479 189.7059020996 61.7789993286
151.5272216797 188.2353515625 71.9300003052
160.6057586670 191.7659149170 62.0830001831
159.2640686035 190.6928558350 77.0699996948
188.7027282715 163.5901031494 50.0790023804
151.7879180908 187.2676086426 75.4970016479
168.5037994385 192.2971954346 66.4211959839
132.0216827393 183.9373626709 97.6100006104
160.0716857910 190.2173767090 75.6699981689
161.6574249268 189.2798614502 66.6300048828
188.7167053223 164.0097351074 49.7999992371
171.1088256836 189.4540252686 59.5300025940
151.9033966064 187.6898651123 75.1325988770
171.2531890869 190.5545806885 62.9980010986
168.7040710449 190.0928497314 66.0400009155
167.8727874756 186.0989990234 74.6161956787
164.3186035156 185.4956207275 71.3376007080
168.2726440430 189.5767974854 57.2430000305
161.3914031982 191.7400054932 59.0088005066
153.6649932861 188.9869232178 74.3654022217
166.7589721680 192.3592681885 60.1189994812
131.9789581299 183.1481781006 97.8969955444
167.3833007812 190.6626892090 67.6480026245
131.5879211426 183.6576232910 96.8970031738
157.7852935791 187.1869201660 73.6440048218
157.8531951904 185.3245849609 70.7980041504
163.5682830811 189.4033813477 59.6060028076
158.8993988037 193.3525390625 75.7939987183
166.5921325684 188.6469268799 66.6032028198
153.4443054199 187.5340728760 72.2424011230
155.2967681885 195.6420135498 74.0945968628
159.0639953613 185.7922058105 71.5200042725
159.5632781982 192.3081054688 73.4140014648
173.3063049316 191.7387084961 60.3650016785
163.3467102051 191.9297332764 68.7099990845
164.5646667480 183.4823455811 71.8199996948
158.9182739258 186.1333770752 71.1159973145
168.8940734863 193.7628479004 61.8999977112
188.7167053223 164.0097351074 49.7999992371
160.0334014893 191.6498565674 62.1626014709
171.9555816650 190.5459136963 62.8789978027
164.4438018799 189.8071899414 72.0111999512
161.8007202148 191.4066467285 69.3959960938
189.0179138184 162.0576171875 51.2970008850
161.2186126709 190.2156219482 70.2575988770
156.2017669678 194.3768005371 72.5410003662
159.8621368408 191.8869323730 75.2332000732
161.5167083740 189.7997283936 72.8099975586
156.3074188232 194.5298614502 71.9900054932
167.8338012695 187.5372009277 72.9311981201
163.1202850342 191.2898406982 62.8950004578
162.0108642578 194.2629699707 64.9900054932
161.9208679199 189.6429748535 71.8000030518
164.7682647705 185.4373016357 72.5009994507
165.0827331543 195.3500976562 62.2690010071
149.3733978271 186.8598632812 69.8125991821
169.2297821045 188.4657135010 61.8117980957
160.0499877930 190.1052246094 67.5373992920
165.3986053467 187.7156219482 72.4776000977
155.0088195801 182.7640228271 71.5000000000
164.4239959717 183.4222106934 67.7400054932
171.0057678223 194.5059051514 62.0629997253
170.0743103027 193.1940765381 62.0023994446
163.1074218750 190.4298553467 65.4700012207
167.9967041016 193.8197326660 65.7099990845
159.5099945068 192.5952301025 70.2974014282
131.8389739990 184.2992706299 93.6490020752
168.3089752197 189.4792633057 69.7290039062
165.6489715576 194.4592590332 60.2389984131
171.1304626465 191.1869354248 63.7074012756
162.3897552490 190.6399993896 67.0299987793
153.6649932861 188.9869232178 74.3654022217
156.0746612549 188.3723449707 74.6900024414
158.8993988037 193.3525390625 75.7939987183
162.0108642578 194.2629699707 64.9900054932
163.5088195801 192.8440246582 64.7099990845
161.2752838135 186.9269256592 72.7940063477
187.0708618164 161.5729675293 51.3100013733
171.2531890869 190.5545806885 62.9980010986
167.2586059570 193.7756195068 61.2775993347
168.3089752197 189.4792633057 69.7290039062
148.0139617920 187.1199951172 72.6538009644
186.4886016846 161.6156158447 49.9375991821
149.3733978271 186.8598632812 69.8125991821
162.9246673584 186.7123565674 70.6900024414
187.0708618164 161.5729675293 51.3100013733
167.8939971924 190.1022033691 58.4099998474
155.7634735107 193.0530548096 78.5960006714
166.8840026855 188.2622070312 62.1499977112
165.7097930908 191.6257019043 56.2318000793
167.4636230469 194.9369812012 59.0095977783
163.5619201660 189.0489959717 60.9079971313
159.5149841309 190.9469146729 69.4553985596
151.4727325439 188.8000946045 74.2789993286
129.2379150391 182.3276214600 99.5370025635
163.0536193848 190.7569732666 66.1496047974
128.6282653809 183.9972991943 99.5209960938
169.9367065430 193.9797363281 64.5899963379
167.5488281250 188.3940277100 63.5499992371
160.2689514160 190.4081726074 73.5669937134
160.6067047119 191.0197296143 71.8899993896
164.9649963379 193.4969177246 66.2453994751
160.9316558838 190.7593536377 72.3404006958
156.9574279785 194.4798583984 76.8499984741
131.8389739990 184.2992706299 93.6490020752
156.8440704346 192.7028503418 78.3199996948
130.3452911377 180.9569244385 98.3540039062
158.8947753906 187.5253143311 67.9209976196
155.0746612549 188.9923553467 72.3000030518
159.5567626953 188.8720092773 67.4445953369
169.9367065430 193.9797363281 64.5899963379
162.1374206543 194.9798583984 63.5900039673
167.8532867432 190.2481079102 68.5139999390
156.1739959717 191.2622070312 76.3600006104
168.2034759521 196.5830535889 60.4860000610
155.3239593506 186.4400024414 66.9438018799
173.0692138672 191.6875915527 61.7281990051
186.4957580566 160.6359100342 49.6730003357
168.0621337891 184.5469360352 69.5232009888
161.1626434326 186.8968048096 70.0130004883
156.3119201660 189.8889923096 75.3180007935
157.9494018555 194.6625366211 77.6439971924
159.5632781982 192.3081054688 73.4140014648
162.3897552490 190.6399993896 67.0299987793
155.0746612549 188.9923553467 72.3000030518
156.2986145020 189.8956146240 75.2276000977
159.2588195801 189.3840332031 76.5099945068
164.0916595459 191.5193481445 70.6503982544
157.8827362061 194.7100982666 73.7590026855
162.2082824707 189.7833862305 59.9160003662
166.2082824707 188.0333862305 62.4560012817
155.3308715820 188.4329681396 73.8199996948
155.0088195801 182.7640228271 71.5000000000
157.3867645264 193.1220092773 71.0645980835
155.1659698486 191.9687957764 74.6767959595
167.3974304199 194.6698608398 58.4300003052
156.8308715820 193.7629699707 78.2500000000
130.1088256836 182.4540252686 99.7099990845
167.8939971924 190.1022033691 58.4099998474
162.3759613037 186.9087982178 69.9267959595
165.9263000488 184.1887054443 67.9250030518
162.0482635498 194.8372955322 64.6409988403
160.0499877930 190.1052246094 67.5373992920
159.8339538574 187.4199981689 66.2938003540
155.2007293701 186.9400024414 68.1725997925
163.9451446533 184.2400054932 67.4929962158
167.5174255371 194.5898590088 60.2200012207
166.8389739990 189.1992645264 68.1090011597
166.5689544678 193.1281738281 61.4570007324
163.2033996582 192.1998596191 67.0125961304
156.3108673096 189.4629669189 75.5300064087
186.5286102295 162.2256164551 48.6676025391
162.0340728760 193.1628417969 63.6999969482
163.2852935791 189.9969329834 62.1839981079
168.1638031006 190.8571929932 66.7811965942
169.4416656494 194.1893615723 64.2704010010
131.2088165283 183.1040191650 98.4499969482
165.3867645264 191.9120178223 56.4945983887
156.9872283936 190.4153594971 71.1800003052
165.6489715576 194.4592590332 60.2389984131
189.1979217529 163.2876129150 48.4570007324
155.1872253418 184.5153503418 69.8199996948
155.8216857910 183.5973663330 70.6600036621
154.3439941406 182.6322021484 70.1000061035
169.1421356201 186.7669372559 70.6632003784
159.5567626953 188.8720092773 67.4445953369
167.0346679688 192.8623504639 58.9899978638
167.2872314453 190.8453521729 69.0299987793
167.8727874756 186.0989990234 74.6161956787
189.7416839600 162.4773712158 49.2400016785
166.1288299561 188.2840270996 64.6500015259
189.3816833496 160.9873657227 50.1900024414
166.7589721680 192.3592681885 60.1189994812
166.0334014893 193.1198577881 57.3826026917
156.3119201660 189.8889923096 75.3180007935
163.9451446533 184.2400054932 67.4929962158
155.8216857910 183.5973663330 70.6600036621
147.7367706299 188.5720062256 73.8045959473
159.5099945068 192.5952301025 70.2974014282
153.7631835938 184.4445800781 69.7379989624
151.1367034912 188.8497314453 73.3300018311
167.7913970947 193.2200012207 57.6487998962
162.9246673584 183.2323455811 70.1100006104
160.8597564697 192.9299926758 61.1800003052
158.2016601562 194.3693542480 76.1403961182
163.9259643555 190.0787963867 63.2467994690
158.5787506104 187.3860015869 69.1786041260
155.3619232178 191.1989898682 77.1679992676
165.3867645264 191.9120178223 56.4945983887
166.5099945068 188.4908599854 61.8599967957
131.6621398926 182.3069305420 96.9932022095
163.0782775879 186.6033782959 66.5960006714
167.4636230469 194.9369812012 59.0095977783
166.8331909180 189.7945861816 67.2880020142
155.7634735107 193.0530548096 78.5960006714
161.5167083740 189.7997283936 72.8099975586
162.0108642578 194.2629699707 64.9900054932
158.5787506104 187.3860015869 69.1786041260
171.1226348877 189.2368011475 62.8730010986
156.6046600342 190.8923492432 77.6500015259
168.7040710449 190.0928497314 66.0400009155
151.1367034912 188.8497314453 73.3300018311
152.8116607666 188.5293579102 74.5103988647
162.5921325684 188.2769317627 71.4332046509
156.0746612549 188.3723449707 74.6900024414
166.8374176025 193.5898590088 64.8700027466
188.7027282715 163.5901031494 50.0790023804
165.7416839600 194.3473663330 63.2299995422
167.7146606445 195.2123565674 58.3800010681
160.1291351318 190.1758575439 70.1240005493
155.5739593506 194.1900024414 72.9438018799
152.3539581299 187.2200012207 72.0638046265
153.9627838135 187.5390014648 75.5161972046
153.4897918701 186.9057006836 70.6918029785
166.3826446533 189.7368011475 67.6729965210
162.3300018311 192.1052246094 59.4773979187
162.0482635498 194.8372955322 64.6409988403
167.9216918945 189.9273681641 69.8700027466
159.1516876221 191.3973693848 77.3700027466
155.9159698486 188.1287994385 73.8667984009
160.5247802734 185.7653198242 67.0609970093
170.1964721680 189.4712371826 64.0900039673
167.1799926758 193.2452392578 66.1974029541
162.8797912598 190.7057037354 65.8618011475
128.6108703613 183.8729705811 99.9900054932
158.2016601562 194.3693542480 76.1403961182
166.7108612061 192.8729705811 66.2700042725
153.8134002686 188.3998565674 71.8425979614
153.9627838135 187.5390014648 75.5161972046
164.3447875977 190.0753173828 64.7109985352
157.1699981689 187.3652343750 67.3274002075
153.6649932861 188.9869232178 74.3654022217
186.8382568359 162.2173004150 50.8910026550
166.0406951904 191.6910247803 57.6602020264
131.6621398926 182.3069305420 96.9932022095
165.6887512207 190.0659942627 56.4085998535
159.5567626953 188.8720092773 67.4445953369
158.2764739990 185.9512481689 71.5300064087
173.3788299561 194.3240203857 63.5499992371
164.1506958008 191.8510284424 68.0901947021
189.1979217529 163.2876129150 48.4570007324
189.7416839600 162.4773712158 49.2400016785
165.2133941650 190.9298706055 58.4126014709
157.7852935791 187.1869201660 73.6440048218
156.9574279785 194.4798583984 76.8499984741
156.2986145020 189.8956146240 75.2276000977
168.9318695068 188.6875305176 69.9420013428
164.6588287354 182.9040222168 70.6699981689
159.0597839355 186.3957061768 68.2117996216
168.0689544678 185.5881805420 68.7369995117
131.9789581299 183.1481781006 97.8969955444
158.7252960205 187.5969238281 74.7740020752
158.3440704346 191.8728485107 78.7700042725
161.1626434326 186.8968048096 70.0130004883
159.6918640137 192.0575256348 76.6920013428
162.0288238525 191.8540191650 63.1399993896
160.0499877930 190.1052246094 67.5373992920
169.3321990967 189.2998657227 62.2700004578
156.6046600342 190.8923492432 77.6500015259
159.2640686035 190.6928558350 77.0699996948
167.7272338867 190.1453552246 61.8699989319
130.3452911377 180.9569244385 98.3540039062
189.0179138184 162.0576171875 51.2970008850
163.1074218750 190.4298553467 65.4700012207
155.0467681885 187.8920135498 68.0945968628
186.4957580566 160.6359100342 49.6730003357
171.8408660889 193.4329681396 63.0000000000
166.5921325684 188.6469268799 66.6032028198
165.6887512207 190.0659942627 56.4085998535
157.4199981689 195.1152343750 73.3274002075
159.0639953613 185.7922058105 71.5200042725
167.0782775879 188.5233764648 63.6059989929
164.9288177490 193.5140228271 64.0699996948
188.7167053223 164.0097351074 49.7999992371
160.2067718506 192.6320037842 60.2445983887
165.2133941650 190.9298706055 58.4126014709
163.7174224854 185.6898651123 68.0200042725
173.4039916992 191.6722106934 59.8800010681
160.0499877930 190.1052246094 67.5373992920
171.9216918945 190.2873687744 58.6900024414
167.7427368164 190.3701019287 71.7590026855
164.1982727051 187.0833740234 65.6959991455
155.6397552490 189.7400054932 70.9000015259
170.9616851807 192.4473724365 64.0299987793
166.4316864014 187.9773712158 66.4899978638
163.5088195801 192.8440246582 64.7099990845
152.3539581299 187.2200012207 72.0638046265
173.3063049316 191.7387084961 60.3650016785
160.9482574463 193.3473052979 63.3010025024
163.5743103027 192.8340759277 59.4623985291
167.5997619629 193.6100006104 57.5900001526
166.5099945068 188.4908599854 61.8599967957
167.0243072510 192.3840637207 61.4323997498
153.4443054199 187.5340728760 72.2424011230
153.9555816650 185.7459106445 74.7490005493
165.8134002686 186.2498626709 74.2325973511
167.1894073486 191.2925415039 70.8939971924
163.4897613525 183.9799957275 68.7099990845
168.0621337891 184.5469360352 69.5232009888
163.5088195801 192.8440246582 64.7099990845
163.3016662598 191.7493591309 69.3503952026
152.0767669678 188.6720123291 73.2145996094
151.1349945068 188.1569213867 69.0454025269
170.1488189697 191.6140289307 64.8699951172
155.5486145020 193.7356109619 76.0375976562
174.2702941895 191.9298400879 62.3950004578
168.9472351074 194.2853546143 57.8699989319
131.2727355957 185.1901092529 95.6790008545
167.5174255371 194.5898590088 60.2200012207
169.6408691406 194.0329742432 61.6300010681
165.2186279297 190.9017791748 69.4660034180
187.4308624268 163.0629730225 50.3600006104
167.0782775879 188.5233764648 63.6059989929
163.6446685791 190.6323547363 63.5599975586
131.9789581299 183.1481781006 97.8969955444
163.6517639160 185.7768096924 68.7109985352
156.8033142090 185.9426879883 72.6180038452
167.0007171631 194.0666503906 64.0960006714
130.4927368164 185.3701019287 98.7089996338
166.9402923584 183.3798370361 72.0950012207
156.8308715820 193.7629699707 78.2500000000
163.8808746338 191.7229766846 64.4000015259
151.4327850342 186.7089996338 70.1961975098
154.3439941406 182.6322021484 70.1000061035
160.2721405029 191.3169403076 72.5431976318
189.0102844238 160.1598358154 50.4850006104
158.4489746094 193.8192596436 71.7290039062
164.5543060303 194.7740631104 60.5123977661
187.0217590332 163.2568054199 48.8610000610
160.4759674072 190.5288085938 61.2767982483
168.9667053223 193.9797363281 63.1299972534
187.0182647705 163.4472961426 48.0510025024
173.3440704346 193.3228454590 63.2799987793
162.6257629395 189.0959014893 60.4629974365
164.5646667480 183.4823455811 71.8199996948
164.2279205322 194.6776123047 65.0470046997
164.8008728027 184.5729675293 72.6600036621
167.8074188232 193.7498626709 62.2900009155
171.1226348877 189.2368011475 62.8730010986
162.2082824707 189.7833862305 59.9160003662
159.0639953613 185.7922058105 71.5200042725
167.6743011475 188.1540679932 68.0023956299
162.3713989258 193.6799926758 60.0587997437
163.2608642578 190.6029663086 71.1300048828
164.8008728027 184.5729675293 72.6600036621
164.8897857666 189.4357147217 57.2617988586
167.1799926758 193.2452392578 66.1974029541
166.8246612549 190.5623474121 59.2500000000
155.7536315918 194.8969726562 73.7695999146
165.7097930908 191.6257019043 56.2318000793
164.4759674072 188.7788085938 63.8167991638
162.7514038086 191.3600006104 58.6988029480
154.5497894287 185.4157104492 68.8618011475
156.0746612549 188.3723449707 74.6900024414
164.4438018799 189.8071899414 72.0111999512
129.2302856445 180.4298400879 98.7249984741
174.0688171387 191.8040313721 61.2800025940
171.9627838135 192.3390045166 63.6461982727
163.3097534180 189.3699951172 64.6299972534
164.1763000488 188.4286956787 59.2449989319
148.7333984375 186.5098571777 72.2526016235
188.3567047119 162.5197296143 50.7500000000
171.6649932861 193.7869262695 62.4953994751
159.2599945068 189.3308563232 76.2700042725
163.9940032959 182.7722015381 69.2700042725
167.1894073486 191.2925415039 70.8939971924
153.7631835938 184.4445800781 69.7379989624
168.9792175293 185.4475860596 72.6981964111
156.7964782715 184.2412414551 71.8900070190
156.7964782715 184.2412414551 71.8900070190
155.0467681885 187.8920135498 68.0945968628
171.6127777100 189.8090057373 63.3461990356
189.1072235107 163.3953552246 48.4000015259
153.8134002686 188.3998565674 71.8425979614
166.8132781982 191.4681091309 59.0039978027
157.4397583008 189.3699951172 69.5799942017
156.0367126465 186.3897399902 73.2799987793
163.3467102051 191.9297332764 68.7099990845
167.5636291504 193.8169860840 62.9095993042
169.7786102295 197.0356140137 61.7876014709
163.3016662598 191.7493591309 69.3503952026
186.8346557617 160.4823455811 50.4700012207
165.9263000488 184.1887054443 67.9250030518
171.1226348877 189.2368011475 62.8730010986
165.0034790039 189.6830596924 71.8460006714
189.1979217529 163.2876129150 48.4570007324
150.0851440430 186.9299926758 71.8429946899
166.8374176025 193.5898590088 64.8700027466
153.9867706299 189.3820037842 69.9245986938
164.7682647705 185.4373016357 72.5009994507
171.6055755615 188.0159149170 62.5789985657
189.1072235107 163.3953552246 48.4000015259
168.0621337891 184.5469360352 69.5232009888
165.4913940430 187.0599975586 67.5487976074
153.9627838135 187.5390014648 75.5161972046
189.3816833496 160.9873657227 50.1900024414
162.9246673584 186.7123565674 70.6900024414
150.4616546631 188.5693511963 75.0803985596
156.5336303711 190.1969757080 70.7596054077
155.1872253418 184.5153503418 69.8199996948
157.4667053223 194.7597351074 72.8300018311
154.1513977051 185.4799957275 69.9588012695
156.6046600342 190.8923492432 77.6500015259
161.2186126709 190.2156219482 70.2575988770
156.5097503662 193.4700012207 71.1500015259
155.6397552490 189.7400054932 70.9000015259
161.7514038086 189.6600036621 66.6287994385
167.0782775879 188.5233764648 63.6059989929
156.2017669678 194.3768005371 72.5410003662
157.2084655762 187.9462890625 68.5898056030
155.0692138672 186.8875885010 73.5981979370
161.2186126709 190.2156219482 70.2575988770
130.8079223633 183.8376159668 99.9270019531
128.6108703613 183.8729705811 99.9900054932
161.4264678955 186.5712432861 71.3800048828
130.8002929688 181.9398345947 99.1149978638
155.9520568848 185.1403961182 69.0070037842
165.4936523438 193.7678222656 63.0039978027
162.3300018311 192.1052246094 59.4773979187
166.5121917725 188.7898712158 65.0999984741
168.2140655518 192.7628479004 66.5500030518
164.6640777588 187.6928558350 71.8100051880
128.6108703613 183.8729705811 99.9900054932
158.1167144775 194.7097320557 77.6899948120
155.7331848145 183.4545898438 72.6480026245
155.0088195801 182.7640228271 71.5000000000
164.6640777588 187.6928558350 71.8100051880
131.0589752197 184.4792633057 96.6790008545
159.5567626953 188.8720092773 67.4445953369
187.0217590332 163.2568054199 48.8610000610
168.4457550049 195.9159088135 59.7830009460
169.9367065430 193.9797363281 64.5899963379
167.8727874756 186.0989990234 74.6161956787
156.1100006104 188.8552246094 69.1574020386
163.2067108154 190.5897369385 71.2399978638
156.6349945068 188.2069244385 69.2453994751
165.6489715576 194.4592590332 60.2389984131
165.2672271729 185.3053588867 67.4599990845
165.4936523438 193.7678222656 63.0039978027
160.5247802734 185.7653198242 67.0609970093
166.9088287354 188.5240325928 61.1900024414
160.1291351318 190.1758575439 70.1240005493
163.6539611816 191.7299957275 63.9437980652
160.3792114258 191.3375854492 71.4481964111
171.6446685791 194.6523437500 62.9899978638
169.4416656494 194.1893615723 64.2704010010
169.5116882324 189.6173706055 64.6399993896
165.6402893066 182.6798400879 70.3349990845
164.9288177490 193.5140228271 64.0699996948
168.1516571045 194.0093536377 65.0603942871
172.7192077637 189.1575927734 61.4281997681
160.1982727051 186.7133789062 70.5260009766
156.8033142090 185.9426879883 72.6180038452
149.3092651367 187.0691986084 69.0041961670
167.7152862549 184.2269287109 72.8440017700
160.1982727051 186.7133789062 70.5260009766
168.3616943359 189.2273712158 62.7099990845
159.5099945068 192.5952301025 70.2974014282
155.7634735107 193.0530548096 78.5960006714
166.6449890137 194.0869293213 68.1154022217
156.8308715820 193.7629699707 78.2500000000
168.1638031006 190.8571929932 66.7811965942
