191.60 164.35 42.19
189.98 164.27 42.35
189.63 165.09 43.52
189.60 162.73 42.73
187.37 160.62 42.86
186.64 161.37 43.80
185.80 160.76 44.13
187.48 161.68 44.98
188.09 162.87 45.35
188.22 163.69 44.67
188.38 162.95 46.63
188.05 161.67 47.08
188.01 161.06 48.35
188.20 161.72 49.47
188.01 161.23 50.33
188.37 162.72 49.38
187.68 159.78 48.51
187.34 159.11 47.43
187.09 158.07 47.57
187.23 159.55 46.19
187.61 160.86 46.07
186.08 162.63 43.11
184.99 162.57 43.07
186.35 163.56 43.61
167.80 188.77 51.15
168.82 189.69 51.45
169.08 189.98 52.92
169.08 189.05 53.48
170.39 190.55 52.90
170.25 191.95 52.92
171.08 192.30 53.53
170.35 192.67 51.62
171.61 193.21 51.52
171.75 194.55 51.74
172.95 195.54 53.17
170.58 195.44 51.71
170.56 196.64 51.96
169.42 194.82 51.33
168.58 195.37 51.27
169.25 193.46 51.23
168.16 193.04 50.89
168.12 190.99 53.57
167.33 191.25 52.86
169.03 192.21 53.78
168.50 193.15 53.59
169.44 192.26 54.78
167.52 190.46 54.76
167.44 191.18 56.20
167.32 192.65 56.04
166.50 190.46 57.07
168.93 190.81 56.71
169.83 191.78 57.23
170.77 191.72 56.69
169.43 192.79 57.11
170.11 191.52 58.70
170.55 190.53 58.83
171.00 192.55 59.03
170.25 193.61 59.61
170.58 193.69 60.65
170.62 194.91 59.00
169.80 196.00 58.82
168.89 195.96 58.24
170.15 197.00 59.58
171.30 196.48 60.20
171.88 196.65 61.51
171.65 197.47 62.39
172.71 195.59 61.86
172.82 195.40 62.85
173.20 194.70 60.97
173.46 193.49 61.38
173.51 192.88 60.58
172.78 193.09 62.02
172.88 194.68 59.69
171.80 195.47 59.42
168.90 191.70 59.61
168.00 191.31 59.11
168.78 193.22 59.69
168.33 193.53 60.64
168.21 193.61 58.85
168.98 191.08 60.89
170.29 190.84 61.83
170.84 189.49 61.62
171.19 192.02 61.92
169.47 190.87 63.18
168.88 192.10 63.59
169.59 192.69 64.17
168.62 192.69 62.71
167.59 191.92 64.38
167.65 192.53 65.29
166.55 192.39 63.55
165.83 191.29 63.02
164.82 191.38 63.42
165.69 191.38 61.54
165.56 190.32 60.67
166.35 189.60 60.49
164.33 190.18 60.26
163.74 191.36 60.74
162.38 191.74 61.05
161.32 191.18 60.82
162.31 192.85 61.88
161.47 192.93 62.44
163.36 193.68 62.10
163.41 194.34 63.22
164.37 194.59 63.37
162.95 193.92 64.01
164.58 193.48 61.66
164.73 192.24 61.10
167.25 190.48 64.74
168.14 189.86 64.78
166.38 189.99 63.59
165.57 189.36 63.95
166.99 189.47 62.85
166.65 190.36 66.01
165.55 191.34 66.63
166.17 192.32 67.54
164.49 191.73 65.67
165.05 190.11 67.47
164.37 189.04 66.83
163.92 189.37 65.89
165.06 188.22 66.63
163.25 188.56 67.73
162.47 188.22 67.05
163.70 187.52 68.57
164.28 188.12 69.70
164.10 187.46 70.55
165.77 188.22 69.53
166.60 189.10 70.18
166.55 190.17 70.01
167.24 188.50 71.15
166.92 187.16 70.89
166.81 185.97 71.71
167.10 185.78 72.89
166.13 184.94 71.08
165.74 184.23 71.68
165.84 184.94 69.75
164.83 184.24 69.32
164.53 184.63 68.44
164.10 183.98 69.97
166.08 185.94 68.94
166.48 187.06 69.59
162.74 189.66 68.67
163.00 190.64 68.29
163.53 189.43 69.97
162.86 189.30 70.82
164.20 190.26 70.15
161.35 189.73 68.85
160.33 188.50 68.97
159.04 189.18 68.88
160.67 187.42 68.02
160.70 187.97 70.47
160.37 188.67 71.66
160.26 189.73 71.47
161.17 188.51 72.39
159.09 188.09 72.25
159.17 187.00 72.22
158.93 188.49 73.60
157.82 189.34 73.64
157.25 189.12 74.55
158.28 190.76 73.77
158.31 191.16 75.08
158.70 190.46 75.81
157.64 192.28 75.46
157.36 192.47 76.93
157.77 193.42 77.27
157.78 191.64 77.51
156.28 192.47 77.06
157.07 193.18 74.45
156.41 194.19 74.67
157.38 192.84 73.15
157.12 193.47 72.41
158.05 191.71 72.77
158.50 191.67 71.64
157.85 188.48 71.44
158.05 189.37 70.84
156.88 188.93 72.51
156.25 189.74 72.16
156.27 188.09 72.84
157.55 187.35 70.62
156.11 186.94 70.05
155.10 187.93 70.50
156.16 186.44 68.67
156.07 185.64 70.98
155.14 185.48 72.00
154.70 186.44 72.28
155.69 185.10 72.86
154.05 184.48 71.59
154.45 183.84 70.80
153.95 183.77 72.83
152.67 183.98 73.36
152.42 183.06 73.88
152.35 185.12 74.30
151.42 184.72 75.21
151.59 183.81 75.78
150.19 185.31 75.23
149.10 184.63 76.03
148.84 185.24 76.89
149.40 183.63 76.33
148.22 184.54 75.39
149.90 186.48 74.40
148.85 187.12 74.38
150.97 186.93 73.67
150.79 187.56 72.91
152.25 186.44 73.83
153.19 187.22 73.79
152.62 184.97 71.19
152.53 186.02 71.44
151.85 184.03 72.11
150.83 184.34 72.32
151.86 183.03 71.67
151.98 184.76 69.92
150.52 185.49 69.63
150.02 186.04 70.91
150.66 186.39 68.47
149.44 184.36 69.18
149.46 183.02 69.61
149.60 182.42 68.71
150.32 182.83 70.25
148.18 182.52 70.30
147.31 182.97 69.83
148.23 181.12 70.01
150.10 180.42 71.47
150.68 180.83 72.66
150.37 181.71 73.20
151.46 179.93 73.19
151.51 178.96 72.17
151.92 177.62 72.09
151.29 177.51 69.92
150.73 178.71 69.87
150.88 179.39 71.04
148.05 182.64 71.84
148.98 183.03 72.24
147.87 181.16 72.23
146.84 180.83 72.11
148.20 180.95 73.24
147.00 183.51 72.26
145.81 183.14 73.30
146.34 182.19 74.31
145.14 184.39 73.70
144.88 182.36 72.24
142.24 186.26 72.52
130.81 183.34 88.30
132.47 183.75 88.17
131.36 181.41 88.96
131.57 181.79 90.51
131.75 180.59 91.34
132.46 182.97 90.67
130.07 182.30 90.70
128.97 181.48 90.35
129.10 180.51 90.82
127.64 182.06 90.84
127.56 181.70 92.20
127.95 182.83 92.97
127.11 183.08 93.61
129.09 182.50 93.83
130.35 183.06 93.85
130.87 183.38 92.96
130.77 183.32 95.07
129.78 182.71 95.85
129.44 182.70 97.22
129.99 183.50 98.10
129.55 183.53 99.01
130.65 184.18 97.75
128.42 181.99 97.71
127.70 181.31 96.84
126.88 180.72 97.23
127.82 181.29 95.53
128.89 182.02 95.09
127.49 183.59 90.80
127.97 184.00 89.91
128.19 184.05 92.06
127.72 184.94 92.47
129.24 184.26 91.85
