64.1927871704 138.3890075684 155.0161895752
74.9779205322 150.1476135254 152.6770019531
75.8740081787 147.4421997070 150.8399963379
72.1963043213 138.5086975098 153.7850036621
61.9299926758 136.6952362061 147.4073944092
58.5827903748 141.4389953613 152.9962005615
65.9846649170 140.8323516846 152.9199981689
62.8372192383 137.4353485107 157.6699981689
72.0447845459 141.5953216553 145.3910064697
73.9055862427 143.4859161377 148.9790039062
60.3919296265 139.1189880371 148.0880126953
68.3140792847 139.6228485107 154.3399963379
66.1352920532 137.9769287109 151.6840057373
69.0936508179 148.3778228760 148.4339904785
73.1602935791 138.6998291016 155.8150024414
67.6382827759 146.2033843994 143.1660003662
68.2046585083 143.6523437500 146.5399932861
69.8817596436 149.0668029785 150.5410003662
66.7886047363 146.7856140137 151.7276000977
70.6457595825 139.1759033203 155.0030059814
74.5127868652 143.4889984131 145.4161987305
63.7208709717 140.4929656982 152.3499908447
71.5125885010 141.8399963379 150.3979949951
72.3225860596 140.7700042725 150.5379943848
63.2582817078 137.5233764648 145.0260009766
60.4246635437 141.5923461914 144.6399993896
67.9899978638 148.3452301025 142.4273986816
70.6457595825 139.1759033203 155.0030059814
74.0692138672 142.9175872803 146.1582031250
67.9636230469 147.6069793701 148.2995910645
72.9782867432 137.9933776855 152.6759948730
68.0997543335 145.7799987793 146.8000030518
60.4246635437 141.5923461914 144.6399993896
69.7686157227 148.8117675781 151.7059936523
64.1052932739 136.3569335938 151.5339965820
61.2674217224 141.6198577881 148.4499969482
70.0088195801 138.7340240479 153.9700012207
61.9299926758 136.6952362061 147.4073944092
74.1499938965 145.8852386475 146.6773986816
58.4784622192 140.7962799072 149.3497924805
62.1333847046 138.5398712158 154.6325988770
73.1394042969 144.0325317383 153.2539978027
73.2046585083 137.7723541260 153.3300018311
68.3427886963 137.6990051270 152.3761901855
64.3352890015 137.7369232178 147.2940063477
62.8121337891 137.5469360352 158.1031951904
63.3314018250 139.1699981689 142.0988006592
66.2927856445 144.0789947510 152.4962005615
69.3497924805 140.7357025146 155.8518066406
68.0059585571 144.0187988281 146.1668090820
64.1163024902 136.9786987305 144.3750000000
73.5616912842 144.5473632812 149.9799957275
63.8392105103 139.8375854492 153.1882019043
69.9992141724 138.9075927734 148.7781982422
63.3474235535 142.2798614502 149.0400085449
72.0016860962 142.5273742676 150.6300048828
70.0286102295 141.9056243896 156.2575988770
69.3588256836 144.9240264893 151.7799987793
63.6936264038 142.2769775391 148.6295928955
67.8291320801 142.5258636475 154.8240051270
70.3999938965 148.4108581543 146.2799987793
68.4767074585 148.5997314453 150.5299987793
65.8667678833 148.8720092773 143.1946105957
74.6479187012 139.1876220703 155.7969970703
69.3046646118 145.5023498535 152.9499969482
60.5082550049 141.5173034668 148.2310028076
66.5421371460 138.7769317627 143.9131927490
69.3320617676 142.9180450439 148.4620056152
62.3727226257 142.8901062012 147.4189910889
63.2747802734 136.4153289795 152.3309936523
67.7020645142 144.7380523682 143.8920135498
63.3474235535 142.2798614502 149.0400085449
70.2786102295 149.2156219482 152.8276062012
63.7208709717 140.4929656982 152.3499908447
60.9046669006 139.8123474121 149.0099945068
68.8146591187 143.0923461914 144.4499969482
72.0840072632 143.5821990967 149.4199981689
70.8021392822 139.5369262695 152.3931884766
65.7172241211 139.3053588867 142.5100097656
69.8097534180 141.1600036621 150.0299987793
66.4551391602 149.0899963379 143.3430023193
67.4247817993 135.7253265381 149.6909942627
72.1089324951 147.4058227539 154.5619964600
76.5416870117 147.1273651123 152.3300018311
62.3474197388 143.7798614502 143.6000061035
72.3698043823 139.7867431641 151.3499908447
60.5527229309 142.2801055908 157.8889923096
59.3242988586 141.0540771484 153.5023956299
75.7516860962 138.2773742676 153.0500030518
63.4886054993 141.1156158447 150.8975982666
60.7874183655 143.3998565674 144.0800018311
67.8291320801 142.5258636475 154.8240051270
71.5297927856 142.2257080078 141.4118041992
67.6297531128 141.6600036621 149.1100006104
72.8327255249 149.1101074219 153.5489959717
70.3708648682 147.5529785156 145.8999938965
65.6492614746 145.5791931152 149.5842132568
68.4408645630 144.7429656982 147.3799896240
68.3355865479 135.9059143066 151.6089935303
67.9747848511 137.5853271484 148.0110015869
60.4616889954 140.2173767090 154.8300018311
59.5372200012 139.8953552246 152.2400054932
60.1657638550 139.9359130859 147.0130004883
69.7833023071 142.3826904297 155.1880035400
73.5616912842 144.5473632812 149.9799957275
69.3046646118 145.5023498535 152.9499969482
73.7138061523 148.6172027588 154.1011962891
67.9259567261 145.7388000488 143.5768127441
63.1404762268 139.2269439697 154.6373901367
59.9336509705 139.3278198242 152.2939910889
65.6364746094 136.8012390137 149.7100067139
67.7004776001 144.3469390869 152.0874023438
65.1240081787 136.3722076416 150.0500030518
63.3167076111 135.6897277832 149.1799926758
66.1438064575 140.0971984863 152.5912017822
68.4307250977 145.2066497803 151.8359985352
74.2740020752 137.3122100830 152.4900054932
67.3213958740 146.2299957275 148.0988006592
62.2098045349 138.3367462158 146.6600036621
61.1189689636 141.3892669678 155.8589935303
60.3521347046 139.5669403076 154.8631896973
76.0102920532 146.7498321533 153.1049957275
61.8874206543 139.0398559570 149.0200042725
66.5421371460 138.7769317627 143.9131927490
60.2597541809 137.3500061035 149.5600128174
69.7764739990 140.6812438965 154.4600067139
65.2992095947 137.7375946045 153.0981903076
68.4366836548 145.7100067139 142.0720062256
73.3572235107 143.1353607178 150.6800079346
69.1467132568 147.2897338867 151.5000000000
70.2220611572 143.5880432129 143.0020141602
68.7133026123 143.8326873779 152.9279937744
72.9451446533 138.8500061035 152.1430053711
72.6667098999 146.3797302246 145.1199951172
71.2786102295 148.7956237793 153.6475982666
63.3314018250 139.1699981689 142.0988006592
70.0282821655 142.7233734131 148.1060028076
66.7591323853 143.9758605957 152.5639953613
68.2913970947 145.8899993896 146.9387969971
63.8474235535 141.2098541260 150.9499969482
62.7951431274 140.2200012207 141.7929992676
65.8667678833 148.8720092773 143.1946105957
71.3782882690 139.3933868408 153.5359954834
67.5513992310 142.1999969482 149.2288055420
67.9936523438 143.4578247070 153.0039978027
60.0574188232 138.4098663330 150.4000091553
68.4408645630 144.7429656982 147.3799896240
68.3427886963 137.6990051270 152.3761901855
61.0208663940 141.1629791260 158.8000030518
74.2740020752 137.3122100830 152.4900054932
59.3242988586 141.0540771484 153.5023956299
63.8474235535 141.2098541260 150.9499969482
71.3539657593 143.2500000000 144.6238098145
61.8874206543 139.0398559570 149.0200042725
66.2589416504 138.3781738281 145.1869964600
71.1083908081 147.8779602051 147.7059936523
69.3046646118 145.5023498535 152.9499969482
65.8667678833 148.8720092773 143.1946105957
59.5483894348 139.6179656982 149.5959930420
69.6982574463 148.0272979736 152.5709991455
64.1163024902 136.9786987305 144.3750000000
66.8347854614 145.7653198242 142.8110046387
66.2927856445 144.0789947510 152.4962005615
73.9946594238 146.6223449707 152.6100006104
67.7020645142 144.7380523682 143.8920135498
70.7540817261 143.9228515625 154.2599945068
62.8121337891 137.5469360352 158.1031951904
66.7886047363 146.7856140137 151.7276000977
75.7340774536 147.6028442383 153.7299957275
70.3999938965 148.4108581543 146.2799987793
66.6759567261 138.7187957764 152.8468017578
71.3619308472 139.4989929199 152.9179992676
65.6521377563 139.0869293213 145.9331970215
66.1439666748 147.4199981689 142.0438079834
69.3566818237 147.0000000000 147.3419952393
65.2252883911 137.4269256592 145.2740020752
63.2589683533 134.9392700195 147.7989959717
72.8788223267 144.0140228271 145.3999938965
66.7020645142 142.2003936768 149.1670074463
67.3174209595 148.3698577881 149.6900024414
66.6986083984 142.0056152344 154.1576080322
73.9738006592 150.5571899414 152.2611999512
69.1082839966 143.9333801270 147.8459930420
68.5108642578 140.1529693604 154.2500000000
66.7339630127 137.3800048828 148.9237976074
71.3782882690 139.3933868408 153.5359954834
74.0438156128 143.9984741211 147.0713958740
69.6267089844 147.4097290039 146.4199981689
71.4487457275 142.7859954834 142.7485961914
65.8667678833 148.8720092773 143.1946105957
67.8974227905 146.8398590088 147.6399993896
70.2786102295 149.2156219482 152.8276062012
75.6918716431 140.3575286865 152.4419860840
73.1394042969 144.0325317383 153.2539978027
59.5372200012 139.8953552246 152.2400054932
65.5952911377 136.5969238281 151.3139953613
65.4606933594 144.5110321045 151.6702117920
63.4221343994 139.6669311523 157.5932006836
60.9006919861 139.3910369873 154.2201995850
59.6892166138 140.7875823975 151.0782012939
75.0640029907 146.1622009277 151.7700042725
58.8717613220 141.9468078613 156.6710052490
64.3989486694 141.6981811523 143.7769927979
62.9127235413 143.9201049805 144.5889892578
69.0936508179 148.3778228760 148.4339904785
65.0774230957 142.2298583984 148.6699981689
68.8672180176 147.9853515625 149.1300048828
61.0208663940 141.1629791260 158.8000030518
69.4140014648 142.7422027588 148.9900054932
63.3314018250 139.1699981689 142.0988006592
65.6521377563 139.0869293213 145.9331970215
72.9451446533 138.8500061035 152.1430053711
62.2138061523 136.0471954346 154.1911926270
63.8474235535 141.2098541260 150.9499969482
65.9943008423 140.5940704346 146.6423950195
74.0988235474 137.2240295410 155.4599914551
72.8326416016 142.7568054199 148.3229980469
66.1439666748 147.4199981689 142.0438079834
60.9897537231 142.3399963379 143.2400054932
67.7004776001 144.3469390869 152.0874023438
75.8189468384 138.4981842041 153.7669982910
65.9943008423 140.5940704346 146.6423950195
60.7057647705 140.9659118652 144.1829986572
63.1916656494 142.5893554688 146.4403991699
62.7255859375 138.6959075928 154.3390045166
60.6733856201 140.6398620605 154.7226104736
70.8021392822 139.5369262695 152.3931884766
71.7327880859 142.0789947510 157.3861999512
70.9682617188 147.7373046875 154.3610076904
60.9006919861 139.3910369873 154.2201995850
69.6582870483 144.9933776855 142.2160034180
62.0227241516 140.7601013184 158.9689941406
60.5082550049 141.5173034668 148.2310028076
73.1999969482 144.1752319336 145.0074005127
73.6763076782 137.0987091064 152.9550018311
69.5534744263 147.5930480957 154.0859985352
73.9055862427 141.7759094238 142.1790008545
64.5067138672 142.5097351074 149.8800048828
63.6216888428 135.2573699951 151.5000000000
63.9097862244 142.7357025146 150.9618072510
68.3355865479 135.9059143066 151.6089935303
58.6916656494 142.0493621826 155.7704010010
69.7640075684 145.7922058105 141.5599975586
65.6492614746 145.5791931152 149.5842132568
65.2992095947 137.7375946045 153.0981903076
63.4116630554 142.9693603516 145.1004028320
64.8972244263 141.8953552246 148.4800109863
65.9059524536 146.9488067627 144.5268096924
61.0482559204 142.5473022461 145.4010009766
62.0897560120 137.9799957275 148.1800079346
67.9259567261 145.7388000488 143.5768127441
66.6931991577 137.8845825195 148.6179962158
61.0482559204 142.5473022461 145.4010009766
69.7833023071 142.3826904297 155.1880035400
68.2199935913 144.4452362061 147.5173950195
75.8740081787 147.4421997070 150.8399963379
60.9459533691 139.6688079834 144.6468048096
73.9740066528 139.3422088623 151.1999969482
60.6733856201 140.6398620605 154.7226104736
62.2642974854 135.8340759277 147.8123931885
60.3497886658 139.1457061768 153.5718078613
74.3189315796 141.1658325195 154.8219909668
74.9388198853 137.4440307617 153.8899993896
67.0647811890 141.8653259277 147.9010009766
62.4159545898 137.9588012695 144.3668060303
66.3159561157 140.2388000488 152.7968139648
76.5416870117 147.1273651123 152.3300018311
70.7816619873 144.6893615723 153.6103973389
64.3989486694 141.6981811523 143.7769927979
67.6440048218 138.1822052002 152.3800048828
63.8972206116 143.3953552246 143.0400085449
64.1927871704 138.3890075684 155.0161895752
68.8414001465 146.9499969482 141.3088073730
66.3516921997 138.3873748779 143.3500061035
68.1502914429 147.5298309326 146.1849975586
70.0286102295 141.9056243896 156.2575988770
67.0186080933 142.7556152344 152.8576049805
69.3640823364 146.2328491211 152.3399963379
73.2046585083 137.7723541260 153.3300018311
65.5952911377 136.5969238281 151.3139953613
66.6931991577 137.8845825195 148.6179962158
70.2786102295 149.2156219482 152.8276062012
69.8682861328 140.2133789062 150.3359985352
71.0440826416 146.4828491211 154.0699920654
66.4551391602 149.0899963379 143.3430023193
74.0438156128 143.9984741211 147.0713958740
68.6026382446 137.2068023682 151.3829956055
66.1439666748 147.4199981689 142.0438079834
74.5055847168 141.6959075928 144.6490020752
69.6459579468 140.1388092041 154.8968048096
69.1467132568 147.2897338867 151.5000000000
63.2747802734 136.4153289795 152.3309936523
66.6272201538 141.8453521729 148.1100006104
62.4349861145 141.9369201660 153.9553985596
60.8467674255 141.6220092773 152.8046112061
67.5346603394 145.0323486328 148.1999969482
63.8046684265 137.8823547363 143.6300048828
60.9897537231 142.3399963379 143.2400054932
65.7940826416 137.8128509521 152.0099945068
61.1189689636 141.3892669678 155.8589935303
68.7133026123 143.8326873779 152.9279937744
66.7591323853 143.9758605957 152.5639953613
65.7940826416 137.8128509521 152.0099945068
74.0638046265 140.3271942139 155.8511962891
73.6149902344 146.7269287109 148.5953979492
75.1172180176 139.1953582764 152.2100067139
66.7020645142 142.2003936768 149.1670074463
59.5542984009 138.4340667725 149.2124023438
71.7327880859 142.0789947510 157.3861999512
64.1927871704 138.3890075684 155.0161895752
71.5125885010 141.8399963379 150.3979949951
68.3427886963 137.6990051270 152.3761901855
68.7133026123 143.8326873779 152.9279937744
63.6936264038 142.2769775391 148.6295928955
69.8908691406 145.2929687500 152.1999969482
63.8972206116 143.3953552246 143.0400085449
65.7916641235 141.8093566895 151.2304077148
62.4582824707 138.5433807373 144.6259918213
72.1963043213 138.5086975098 153.7850036621
71.3539657593 143.2500000000 144.6238098145
74.1040802002 138.5328521729 156.0199890137
66.8347854614 145.7653198242 142.8110046387
67.3213958740 146.2299957275 148.0988006592
61.5251426697 142.0500030518 142.1529998779
69.0452880859 148.2869262695 146.7239990234
71.2459564209 138.7388000488 154.0368041992
73.0984573364 145.3662872314 145.8197937012
72.8527221680 142.1300964355 155.4089965820
66.5497589111 141.5800018311 151.5200042725
73.9494018555 142.9625396729 153.3939971924
65.3591308594 140.1658630371 152.2140045166
69.3566818237 147.0000000000 147.3419952393
72.7540817261 145.0228424072 151.3799896240
69.0922088623 144.1398773193 142.8000030518
62.6972198486 141.4953613281 156.8400115967
68.6040039062 144.5722045898 147.3600006104
66.4520645142 142.5580444336 151.4720001221
66.5421371460 138.7769317627 143.9131927490
73.5947799683 141.5153198242 142.7310028076
66.3474273682 142.6398620605 152.3600006104
62.2642974854 135.8340759277 147.8123931885
69.9388198853 143.3240203857 147.0999908447
62.5889701843 139.8692626953 156.9389953613
71.2786102295 148.7956237793 153.6475982666
73.6763076782 137.0987091064 152.9550018311
65.4606933594 144.5110321045 151.6702117920
73.9740066528 139.3422088623 151.1999969482
73.1798019409 138.7167510986 151.4899902344
72.5286102295 149.3656158447 153.3276062012
63.9916648865 141.5693511963 146.8404083252
73.5616912842 144.5473632812 149.9799957275
66.2589416504 138.3781738281 145.1869964600
73.7138061523 148.6172027588 154.1011962891
73.5089340210 142.2358245850 154.6819915771
74.1499938965 145.8852386475 146.6773986816
67.5513992310 142.1999969482 149.2288055420
70.3140029907 139.9522094727 150.5899963379
71.7394027710 149.2025299072 153.1340026855
72.8572235107 147.6353607178 148.4199981689
65.5388259888 137.5540313721 144.1900024414
68.8672180176 147.9853515625 149.1300048828
63.3314018250 139.1699981689 142.0988006592
67.4247817993 135.7253265381 149.6909942627
71.3782882690 139.3933868408 153.5359954834
73.4697570801 140.5500030518 150.6399993896
60.6917610168 142.5568084717 146.2010040283
73.7138061523 148.6172027588 154.1011962891
73.5947799683 141.5153198242 142.7310028076
65.5142974854 140.2640686035 142.5523986816
69.4852905273 138.1869201660 153.7539978027
63.5340805054 134.6328430176 150.0199890137
60.3542976379 140.4740753174 155.6623992920
69.7833023071 142.3826904297 155.1880035400
63.8949851990 139.8369293213 153.8653869629
60.9897537231 142.3399963379 143.2400054932
68.7133026123 143.8326873779 152.9279937744
67.7833023071 145.9026947021 151.8079986572
69.6364746094 137.9412384033 152.2700042725
60.6917610168 142.5568084717 146.2010040283
61.7616653442 142.1493530273 158.5004119873
66.8347854614 145.7653198242 142.8110046387
66.7339630127 137.3800048828 148.9237976074
65.7888259888 136.5040283203 151.4499969482
71.0440826416 146.4828491211 154.0699920654
62.7951431274 140.2200012207 141.7929992676
72.0227203369 143.9100952148 154.0489959717
62.5240783691 141.0528564453 159.0800018311
73.2046585083 137.7723541260 153.3300018311
65.6689453125 139.8681793213 143.4169921875
69.4492111206 137.0475921631 150.4581909180
69.3046646118 145.5023498535 152.9499969482
62.7255859375 138.6959075928 154.3390045166
67.8608703613 146.3429718018 152.0599975586
61.8874206543 139.0398559570 149.0200042725
72.8788223267 144.0140228271 145.3999938965
68.2913970947 145.8899993896 146.9387969971
62.0897560120 137.9799957275 148.1800079346
68.5949935913 141.0069274902 149.5453948975
68.3140792847 139.6228485107 154.3399963379
57.3342971802 141.4340667725 152.4624023438
76.5388259888 147.5740203857 152.2399902344
74.6479187012 139.1876220703 155.7969970703
63.7240791321 142.9528503418 145.2799987793
74.6132736206 141.9181060791 151.0139923096
66.3474273682 142.6398620605 152.3600006104
75.7288208008 146.2940216064 153.1699981689
66.8213958740 148.1600036621 142.2588043213
71.5125885010 141.8399963379 150.3979949951
69.2238006592 146.6071929932 152.1811981201
61.5246658325 137.2323455811 149.5800018311
70.6457595825 139.1759033203 155.0030059814
64.3697586060 138.6300048828 142.2300109863
76.5440826416 148.8828430176 152.7999877930
61.1474189758 141.8798675537 157.4000091553
68.5949935913 141.0069274902 149.5453948975
75.0192108154 144.6275939941 147.8282012939
65.6357574463 148.0059051514 145.3730010986
66.6986083984 142.0056152344 154.1576080322
72.0227203369 143.9100952148 154.0489959717
70.7540817261 143.9228515625 154.2599945068
66.4520645142 142.5580444336 151.4720001221
64.5182876587 136.3833770752 149.0459899902
61.9299926758 136.6952362061 147.4073944092
69.8138122559 138.4484710693 150.1313934326
64.7489700317 141.1992645264 142.1989898682
66.6272201538 141.8453521729 148.1100006104
63.4886054993 141.1156158447 150.8975982666
63.4221343994 139.6669311523 157.5932006836
68.4767074585 148.5997314453 150.5299987793
60.9459533691 139.6688079834 144.6468048096
68.8672180176 147.9853515625 149.1300048828
73.1999969482 144.1752319336 145.0074005127
66.8213958740 148.1600036621 142.2588043213
65.9507369995 144.0000000000 148.3326110840
72.9555892944 141.7759094238 147.3090057373
66.3516921997 138.3873748779 143.3500061035
70.2786102295 149.2156219482 152.8276062012
74.0988235474 137.2240295410 155.4599914551
69.2508697510 144.0329742432 153.9799957275
68.0997543335 145.7799987793 146.8000030518
60.8467674255 141.6220092773 152.8046112061
75.0192108154 144.6275939941 147.8282012939
65.6038055420 138.7171936035 152.2211914062
72.9555892944 141.7759094238 147.3090057373
58.8199958801 142.0452270508 149.9273986816
73.5089340210 142.2358245850 154.6819915771
73.8032760620 142.9880981445 150.8739929199
70.3140029907 139.9522094727 150.5899963379
60.3497886658 139.1457061768 153.5718078613
62.1640777588 142.5728454590 145.7599945068
63.7240791321 142.9528503418 145.2799987793
69.0452880859 148.2869262695 146.7239990234
69.7686157227 148.8117675781 151.7059936523
76.0102920532 146.7498321533 153.1049957275
59.3242988586 141.0540771484 153.5023956299
70.5488204956 142.7640228271 145.0099945068
60.7057647705 140.9659118652 144.1829986572
69.8817596436 149.0668029785 150.5410003662
73.1798019409 138.7167510986 151.4899902344
65.9597930908 136.3557128906 150.8417968750
58.5827903748 141.4389953613 152.9962005615
68.0059585571 144.0187988281 146.1668090820
65.1240081787 136.3722076416 150.0500030518
65.6689453125 139.8681793213 143.4169921875
75.0463027954 146.5587005615 151.0749969482
63.5340805054 134.6328430176 150.0199890137
66.7886047363 146.7856140137 151.7276000977
73.9738006592 150.5571899414 152.2611999512
72.8572235107 147.6353607178 148.4199981689
59.8836250305 141.7769775391 157.1396026611
72.8788223267 144.0140228271 145.3999938965
66.8108673096 139.7329711914 154.0599975586
65.5997924805 142.4957122803 149.0518035889
72.3742980957 147.8140716553 148.3123931885
63.5221328735 135.2769317627 151.9231872559
74.9638061523 149.1871948242 153.7812042236
69.4938049316 140.3071899414 154.6611938477
70.4716644287 147.3193511963 146.6204071045
63.1916656494 142.5893554688 146.4403991699
66.4551391602 149.0899963379 143.3430023193
70.5797958374 142.2257080078 146.5418090820
72.7488250732 143.7140197754 150.8199920654
62.5657615662 137.6459045410 145.5930023193
61.0892562866 140.4591979980 152.1342010498
60.1657638550 139.9359130859 147.0130004883
65.7172241211 139.3053588867 142.5100097656
67.6297531128 141.6600036621 149.1100006104
69.1082839966 143.9333801270 147.8459930420
72.0447845459 141.5953216553 145.3910064697
72.8326416016 142.7568054199 148.3229980469
72.1613998413 139.9499969482 151.7687988281
69.9388198853 143.3240203857 147.0999908447
68.8716583252 148.3193511963 150.8204040527
66.0967636108 144.9720153809 148.2846069336
65.3591308594 140.1658630371 152.2140045166
75.0192108154 144.6275939941 147.8282012939
76.0179138184 148.6476135254 153.9169921875
69.6459579468 140.1388092041 154.8968048096
63.3167076111 135.6897277832 149.1799926758
62.3942985535 141.1540679932 156.2324066162
67.2839660645 139.2400054932 147.2438049316
67.9636230469 147.6069793701 148.2995910645
75.8189468384 138.4981842041 153.7669982910
71.5297927856 142.2257080078 141.4118041992
72.0227203369 143.9100952148 154.0489959717
68.3140792847 139.6228485107 154.3399963379
74.0988235474 137.2240295410 155.4599914551
73.9127883911 145.2790069580 149.7462005615
70.4742965698 146.9840698242 147.3923950195
64.5067138672 142.5097351074 149.8800048828
69.8908691406 145.2929687500 152.1999969482
61.0086135864 142.1917724609 147.1360015869
59.6892166138 140.7875823975 151.0782012939
73.9127883911 145.2790069580 149.7462005615
60.7057647705 140.9659118652 144.1829986572
72.0840072632 143.5821990967 149.4199981689
74.9388198853 137.4440307617 153.8899993896
70.6007232666 148.6766510010 149.5260009766
72.5165939331 146.2816925049 147.9057922363
70.6457595825 139.1759033203 155.0030059814
62.4582824707 138.5433807373 144.6259918213
65.3946609497 149.9423522949 146.6199951172
68.3140792847 139.6228485107 154.3399963379
64.1163024902 136.9786987305 144.3750000000
59.5542984009 138.4340667725 149.2124023438
75.3721389771 139.5569305420 153.5831909180
60.3919296265 139.1189880371 148.0880126953
69.2740020752 143.1921997070 145.6999969482
60.3919296265 139.1189880371 148.0880126953
70.6931991577 139.0245819092 151.1779937744
67.0586090088 140.4856109619 154.2075958252
67.9936523438 143.4578247070 153.0039978027
62.4349861145 141.9369201660 153.9553985596
70.0282821655 142.7233734131 148.1060028076
73.7697525024 138.5200042725 151.9300079346
71.4349899292 143.5269165039 156.2353973389
74.0692138672 142.9175872803 146.1582031250
68.9036254883 144.3169860840 152.2495880127
73.2046585083 137.7723541260 153.3300018311
64.5067138672 142.5097351074 149.8800048828
67.8291320801 142.5258636475 154.8240051270
63.5221328735 135.2769317627 151.9231872559
65.9059524536 146.9488067627 144.5268096924
