51.74 139.91 152.78
52.50 139.66 152.04
52.11 141.07 153.54
51.91 140.92 154.95
52.85 140.71 155.46
52.07 143.71 154.14
52.87 138.12 153.91
53.74 137.65 155.21
54.67 136.59 154.78
54.65 138.93 155.65
54.87 140.09 154.83
54.12 140.12 154.04
54.77 140.96 155.48
56.14 140.34 154.05
55.93 141.09 153.29
57.10 140.88 154.94
58.13 139.96 155.09
59.09 140.46 154.97
58.10 139.26 156.40
57.47 138.08 156.76
56.56 137.73 156.30
58.18 137.34 157.59
59.30 138.14 157.80
60.59 137.94 158.33
61.09 136.76 158.67
62.10 136.76 158.65
60.52 135.96 158.42
61.52 138.89 158.36
61.20 140.06 157.82
61.96 140.82 157.82
60.05 140.41 157.28
59.16 139.38 157.25
56.62 139.09 153.33
56.04 138.23 153.68
58.02 138.98 153.93
58.80 139.22 153.22
58.13 137.97 154.34
56.38 139.19 151.92
57.38 139.79 150.81
57.81 141.12 151.27
56.72 139.64 149.49
58.59 138.74 150.87
58.36 137.34 150.80
58.67 136.96 149.82
57.31 137.11 150.97
59.18 136.67 151.90
58.83 137.02 152.88
58.97 135.28 151.97
60.21 134.70 151.71
60.32 133.84 152.37
60.14 134.23 150.30
59.96 132.88 150.37
59.07 132.53 150.88
61.08 132.14 150.31
61.10 130.86 151.12
61.94 130.92 151.81
61.22 129.99 150.48
60.19 130.78 151.72
62.32 132.69 149.73
63.40 132.12 149.66
62.19 133.96 149.22
62.97 134.40 148.76
61.07 134.74 149.40
60.92 135.77 148.75
60.66 137.01 151.84
60.87 137.35 150.82
61.30 135.67 152.15
61.45 135.59 153.22
62.25 135.50 151.64
60.99 137.95 152.84
62.30 138.88 152.76
61.96 140.17 153.38
63.42 138.07 153.29
62.53 139.08 151.17
63.20 138.10 150.40
63.16 137.14 150.91
62.70 137.98 149.44
64.69 138.34 150.18
65.23 137.58 150.75
64.91 138.20 148.80
64.80 139.50 148.23
65.61 139.62 147.51
63.50 139.64 147.51
62.39 140.39 147.85
62.08 140.56 148.87
61.87 141.02 146.81
62.63 140.50 145.76
62.85 140.88 144.42
62.41 142.05 143.98
61.60 142.34 144.50
63.16 142.72 144.02
63.68 140.22 143.62
64.32 139.17 144.14
64.98 138.63 143.49
64.27 138.73 145.39
63.43 139.48 146.16
65.23 139.72 150.55
64.66 140.15 151.37
65.01 140.56 149.31
65.89 141.17 149.09
64.16 141.22 149.46
66.58 139.72 150.94
67.77 138.81 150.34
68.12 139.24 148.97
67.57 137.38 150.65
68.91 139.34 151.36
68.58 139.93 152.62
69.45 139.81 153.27
67.75 139.39 153.08
68.22 141.45 152.57
67.16 141.58 152.78
69.05 142.08 153.55
70.22 142.60 152.93
70.19 143.69 153.00
71.52 142.04 153.44
72.55 141.84 152.54
72.62 142.46 151.66
73.36 140.77 152.68
74.08 140.55 151.90
73.15 139.95 153.81
73.83 138.85 153.97
73.54 138.30 154.76
74.38 138.52 153.19
72.35 140.26 154.80
71.55 141.35 154.67
70.96 141.76 155.66
68.54 142.20 151.27
68.24 141.66 150.37
70.04 142.17 151.47
70.42 141.16 151.29
70.63 142.77 150.77
67.98 143.53 151.29
66.86 144.00 150.21
65.52 143.76 150.77
67.21 143.52 148.86
67.05 145.60 150.17
68.31 146.23 150.14
68.13 147.31 150.11
68.80 146.00 151.08
69.28 145.89 148.98
68.71 145.78 148.06
70.15 147.00 148.98
71.18 146.72 149.90
72.12 146.96 149.40
71.06 147.53 151.15
71.15 147.01 152.42
70.48 146.25 152.81
72.33 147.24 152.94
72.80 148.24 152.06
74.05 148.81 151.74
75.20 148.31 152.09
75.98 148.65 151.54
75.17 147.37 152.47
74.16 149.81 150.85
73.06 150.18 150.22
73.16 150.98 149.50
71.85 149.66 150.31
71.80 148.66 151.24
70.20 144.68 149.24
69.52 143.95 149.69
71.19 145.22 150.23
72.19 144.79 150.12
70.83 144.95 151.22
70.86 143.89 148.28
72.00 144.36 147.28
73.14 144.96 148.02
72.19 143.25 146.35
71.11 145.52 146.65
69.91 145.23 145.94
69.28 146.12 146.00
69.38 144.40 146.40
70.14 144.90 144.47
69.99 143.84 144.31
69.23 145.71 143.71
69.83 146.95 143.35
69.87 147.00 142.26
69.18 148.17 143.94
69.94 149.28 144.27
70.94 149.36 143.88
69.45 150.24 145.09
70.06 151.08 145.37
68.14 150.03 145.59
67.52 150.95 146.25
67.90 151.89 146.26
66.57 150.69 146.48
67.34 149.09 145.17
67.81 148.16 144.30
66.98 147.42 143.77
71.52 145.30 143.99
72.32 145.09 144.70
71.26 146.81 143.91
71.31 147.21 144.92
71.98 147.40 143.34
71.75 144.56 142.82
73.20 143.90 142.54
73.14 143.25 141.22
73.74 143.17 143.69
74.02 145.27 142.44
73.52 146.41 141.77
73.80 147.28 142.36
72.44 146.37 141.66
74.00 146.61 140.37
73.14 146.62 139.70
74.67 147.86 140.40
76.03 147.56 140.59
76.59 148.33 141.73
78.43 147.54 142.95
78.78 146.90 143.64
77.07 147.63 142.85
76.38 147.17 143.74
75.01 145.57 139.93
74.78 144.57 140.33
76.30 146.05 140.54
77.14 145.82 139.87
76.44 145.59 141.51
75.08 145.41 138.56
73.42 146.86 137.28
73.44 143.13 135.91
