98.9097518921 289.9599914551 70.8499984741
128.7588195801 212.3340301514 82.4199981689
83.0786132812 281.7617492676 79.2960052490
125.2620620728 214.3080444336 80.9720001221
125.3264694214 227.0012359619 84.5100021362
85.2886047363 276.3056030273 81.2676010132
127.5121383667 225.8769378662 82.0431976318
124.5140762329 226.6528472900 85.3100051880
126.3831939697 228.0845794678 83.4179992676
105.6667098999 291.4497375488 66.1299972534
86.5016632080 282.0493469238 80.3203964233
129.8088226318 221.4540252686 75.9099960327
95.4746627808 279.0423583984 79.4000015259
112.0755844116 249.7259063721 72.1890029907
106.4452896118 286.5769348145 68.0740051270
109.3499908447 253.0452270508 74.7074050903
110.0464706421 248.4112396240 72.5600051880
123.8736267090 223.6869812012 75.4496002197
103.0308685303 288.7229614258 70.4300003052
116.4586105347 247.6156158447 77.2875976562
118.2257614136 226.4859161377 82.5930023193
129.6208648682 216.3529663086 80.8500061035
85.2234725952 280.2130432129 82.2860031128
110.7749938965 251.5569152832 69.9854049683
122.4642944336 232.5640716553 75.4123992920
119.9536209106 233.1869812012 76.3196029663
119.0936279297 227.3769836426 78.7796020508
84.8839645386 280.4700012207 75.5838012695
99.7327270508 281.8601074219 85.6289978027
91.2139663696 281.0400085449 75.3038024902
108.4967117310 255.4197387695 75.2099990845
119.7640762329 231.8528442383 78.8100051880
96.7443008423 282.9040832520 75.4323959351
86.7474212646 280.3598632812 87.5900039673
131.6927337646 210.4100952148 83.5090026855
95.2040023804 280.1221923828 80.8899993896
102.1513977051 289.1600036621 61.9588012695
92.9982833862 279.5433654785 75.7659988403
119.8287506104 235.1159973145 81.3086013794
94.3072204590 285.8853454590 75.1099929810
104.1708679199 291.7929687500 69.0200042725
124.2014007568 221.9700012207 74.0887985229
132.8343048096 214.4940643311 73.7323989868
103.9940795898 266.9628601074 68.1200027466
94.7363052368 278.2086791992 77.1149978638
129.1372222900 217.1653594971 78.6999969482
92.8386077881 283.9255981445 77.5375976562
98.1194000244 283.1525268555 88.6739959717
124.1392135620 229.3275909424 75.5581970215
94.9720611572 287.1080322266 76.6220016479
99.0836257935 291.8669738770 72.0496063232
120.1008682251 232.4829711914 81.3400039673
92.2487487793 282.1059875488 83.5086059570
99.5438003540 289.2371826172 78.8611984253
129.8088226318 221.4540252686 75.9099960327
94.3597564697 279.9200134277 82.2699966431
93.4683914185 278.8079528809 83.4659957886
85.4936218262 277.4669799805 78.9996032715
85.8213958740 275.7500000000 77.6388015747
94.4247817993 288.4753417969 75.0910034180
122.2686157227 228.6117706299 77.9660034180
127.0246582031 212.6623535156 81.8600006104
123.8736267090 223.6869812012 75.4496002197
122.2686157227 228.6117706299 77.9660034180
91.6479187012 276.6176147461 90.6070022583
86.6527862549 273.6090087891 83.1361999512
122.5540084839 229.4622039795 80.5400009155
119.4214019775 225.6600036621 77.4188003540
122.1147842407 228.0053253174 74.7910003662
99.7782592773 279.1473083496 89.7109985352
126.7652893066 217.6369323730 82.6140060425
86.9416580200 282.1493530273 78.9403991699
128.6516876221 217.6573638916 80.6800003052
93.1346588135 291.1023559570 77.8399963379
93.7686080933 279.7256164551 87.7975997925
95.2040023804 280.1221923828 80.8899993896
116.7774200439 250.0398559570 75.0699996948
116.8191299438 236.5858612061 79.7540054321
91.4074249268 280.4698791504 86.1900024414
122.3759536743 225.8088073730 83.4367980957
100.8739624023 292.1499938965 67.3138046265
128.1874237061 216.1598663330 74.1300048828
101.4027252197 280.5701293945 86.7290039062
98.1367645264 287.9620361328 80.8646011353
131.2521362305 211.8069305420 79.9132003784
93.6799926758 284.7352294922 82.2274017334
125.9299926758 216.0852355957 77.7374038696
98.1016921997 281.8273620605 83.4300003052
132.8316650391 209.9693603516 80.3903961182
116.5440063477 236.7122039795 79.9800033569
116.1640014648 235.0922088623 76.6900024414
132.2016601562 215.4893493652 76.0003967285
105.6740798950 291.6828613281 69.3000030518
85.5208663940 279.9429626465 82.6200027466
92.6308670044 285.5529479980 77.0699996948
99.4113998413 290.1499938965 70.6888046265
94.5707244873 284.7066345215 82.2559967041
92.5538024902 278.9071960449 88.9311981201
120.6497955322 228.6357116699 75.9418029785
121.3152923584 223.9169311523 80.5940017700
122.5546646118 218.7423553467 81.3300018311
101.5999908447 286.8652343750 72.5074005127
86.7474212646 280.3598632812 87.5900039673
97.3752899170 281.2869262695 82.0839996338
101.1988220215 289.2340393066 75.5599975586
124.5027923584 223.0890045166 86.0061950684
122.4516601562 229.6293487549 80.4104003906
129.3467102051 216.3897399902 74.9700012207
82.9908676147 279.7329711914 80.2300033569
107.7531967163 287.9645690918 68.1180038452
96.3797531128 286.1300048828 75.6399993896
115.8482589722 248.6072998047 77.2609939575
123.2367630005 231.9320068359 84.4445953369
107.8767089844 252.8697357178 72.5699996948
128.7467041016 217.7797393799 80.0999984741
110.7749938965 251.5569152832 69.9854049683
88.6633834839 274.1498718262 84.8725967407
120.1686096191 234.0256195068 83.4476013184
108.8149871826 253.8869171143 76.6254043579
96.7242965698 291.8340759277 74.9323959351
86.8067092896 280.8897399902 82.0599975586
122.3759536743 225.8088073730 83.4367980957
104.2663040161 285.6486816406 65.6050033569
96.9940032959 279.2122192383 83.3199996948
102.4867630005 293.3820190430 70.1645965576
92.8189468384 275.9281921387 88.5769958496
93.1159515381 279.5987854004 84.3868026733
86.6859512329 274.1587829590 90.2667999268
132.6316680908 210.2593536377 82.5904006958
111.7849884033 252.9669189453 71.8054046631
98.2716903687 284.4573669434 78.0800018311
128.0608673096 215.4429779053 75.5300064087
119.5740051270 228.8522033691 76.1900024414
120.2072219849 232.1353607178 74.8099975586
104.9940795898 289.8128356934 71.8899993896
121.5217590332 227.5668029785 77.6309967041
107.3152923584 249.6369323730 75.9039993286
87.4397583008 279.7099914551 75.8499984741
97.6072235107 283.5153503418 84.7199935913
97.6739654541 287.3900146484 71.8338012695
97.5189666748 282.5392761230 76.6190032959
102.4867630005 293.3820190430 70.1645965576
94.7586059570 284.9456176758 81.8776016235
99.2602920532 278.6698608398 89.5550003052
89.5147857666 277.1853332520 77.6809997559
127.2536315918 217.2069854736 78.5895996094
128.5536193848 210.8969726562 81.9396057129
86.5297546387 275.2300109863 77.5299987793
87.5272216797 277.4653625488 78.3699951172
96.5927886963 293.6690063477 80.6061935425
92.5533828735 276.3098754883 86.6725997925
109.1127853394 252.4389953613 77.7761993408
129.7474212646 217.0698547363 79.4500045776
120.0697555542 233.8500061035 78.7699966431
95.6255874634 276.1358947754 84.7590026855
125.0167083740 228.0397338867 78.7599945068
108.9721374512 251.5069274902 71.2332000732
124.5640029907 225.5422058105 77.6399993896
126.7652893066 217.6369323730 82.6140060425
125.6855850220 213.6859130859 80.0390014648
93.3266830444 283.0299987793 80.0719985962
85.8586044312 277.9555969238 83.7076034546
122.8597946167 215.0357055664 81.6318054199
97.2567138672 284.5097351074 82.3600006104
129.1816558838 215.6693572998 81.4104003906
116.6508636475 249.3229675293 76.4700012207
122.6259536743 218.9888000488 81.6368026733
97.3040771484 281.6828613281 89.7600021362
100.3513946533 288.3399963379 63.3387985229
118.6574249268 232.5198669434 75.3700027466
98.2507247925 289.1066284180 80.1959991455
127.0974273682 223.9098663330 73.6300048828
99.1957626343 277.6159057617 86.3230056763
98.4389419556 281.2081909180 77.8369979858
115.0017623901 246.7768096924 75.2910003662
97.2567138672 284.5097351074 82.3600006104
86.5297546387 275.2300109863 77.5299987793
116.0317611694 249.6468048096 75.2309951782
95.1733016968 278.3427124023 87.8580017090
95.8207244873 283.2366333008 86.8559951782
122.5546646118 218.7423553467 81.3300018311
102.9682846069 287.2033691406 62.8660011292
84.6236267090 281.6769714355 78.9596023560
110.0532989502 250.1126861572 73.2880020142
98.5682830811 285.4033508301 75.7859954834
93.3266830444 283.0299987793 80.0719985962
90.1349945068 280.6069335938 79.2154006958
125.1852874756 225.2769317627 84.3440017700
122.9174270630 220.5498657227 80.7700042725
127.2536315918 217.2069854736 78.5895996094
90.7227859497 273.9989929199 85.2561950684
124.3726425171 227.8668060303 85.3529968262
105.9482574463 254.0673065186 76.1409988403
96.7067108154 289.7297363281 79.0999984741
98.5682830811 285.4033508301 75.7859954834
118.3638000488 246.1371917725 77.7012023926
95.9727859497 284.2090148926 85.5561981201
121.4846649170 229.9223480225 81.3799972534
92.5247802734 282.1553344727 82.6110000610
99.1631927490 281.9645690918 79.9580001831
119.1513977051 227.3999938965 79.0688018799
127.5527267456 223.2301025391 79.7389984131
123.0549926758 230.4169158936 85.6454010010
105.3621368408 288.7669372559 63.7732009888
128.9957580566 212.8559112549 74.7630004883
127.2921371460 224.4369354248 81.4031982422
125.5838165283 229.1084747314 84.1013946533
101.3627853394 286.2590026855 75.5761947632
130.7589721680 215.9092559814 75.0390014648
124.8972244263 222.5653533936 79.1299972534
102.4131927490 288.0145568848 74.2779998779
96.0802917480 290.1998596191 78.4150009155
124.7747802734 213.5053253174 78.1210021973
124.5367126465 223.3897399902 76.1699981689
120.9697952271 227.6257019043 85.2618026733
120.0679168701 247.6576232910 77.2170028687
123.7689666748 227.0092620850 76.8190002441
96.9940032959 279.2122192383 83.3199996948
94.8046646118 286.0123596191 79.0800018311
84.2391281128 275.8858642578 81.3440017700
91.2542953491 279.1140747070 83.5923995972
103.5440063477 289.1921997070 71.8000030518
95.1379165649 284.9876098633 77.5370025635
93.8022079468 280.1298828125 82.8999938965
124.3726425171 227.8668060303 85.3529968262
120.3036270142 228.0669860840 78.3996047974
109.3721389771 251.2769317627 69.8232040405
128.3897552490 215.1000061035 73.2900009155
102.3727264404 291.1001281738 65.0690002441
101.6267089844 291.3097229004 64.6399993896
116.4586105347 247.6156158447 77.2875976562
95.3459548950 285.9288024902 77.4367980957
95.4163055420 281.1786804199 75.2150039673
127.1416625977 223.6393585205 78.5203933716
120.2072219849 232.1353607178 74.8099975586
97.3040771484 281.6828613281 89.7600021362
85.0449905396 277.1869506836 74.4153976440
84.8740768433 279.6628417969 82.2099990845
110.7749938965 251.5569152832 69.9854049683
115.3682632446 240.3372955322 81.2409973145
105.0216903687 290.1573486328 72.3600006104
96.0727233887 284.8001098633 76.8390045166
97.1052856445 290.8069152832 79.1640014648
87.9067077637 280.5897216797 88.4300003052
86.6859512329 274.1587829590 90.2667999268
95.3889694214 285.6292724609 74.2890014648
99.6967086792 288.3997192383 78.1999969482
125.5274200439 223.4298553467 80.4400024414
119.7347793579 222.9953155518 78.0410003662
93.0039596558 275.8399963379 83.6038055420
96.0640792847 279.5928344727 88.5200042725
100.5426406860 285.4167785645 75.3829956055
118.6946640015 225.9923553467 83.1100006104
114.1238021851 247.2671966553 72.0111999512
122.7136230469 229.4969787598 80.3296051025
90.2216644287 279.0593566895 89.4203948975
122.9174270630 220.5498657227 80.7700042725
127.5121383667 225.8769378662 82.0431976318
130.7418670654 220.8375244141 78.7819976807
124.1392135620 229.3275909424 75.5581970215
83.1174240112 280.4498901367 78.8300018311
115.7108688354 238.2629699707 81.6600036621
91.2616577148 275.7693481445 78.1604003906
85.3913955688 280.0599975586 76.2188034058
100.2599945068 287.4352416992 80.0974044800
115.0386047363 240.7256164551 80.0576019287
95.9951400757 290.5100097656 74.3729934692
99.2526397705 284.4767761230 81.3430023193
100.0299911499 286.1752319336 77.8973999023
120.6497955322 228.6357116699 75.9418029785
118.0246582031 230.8723449707 77.6900024414
108.3555831909 288.1859130859 66.3990020752
105.0216903687 290.1573486328 72.3600006104
126.0921401978 231.5069274902 77.7332000732
98.3446578979 289.2123413086 72.2500000000
95.3459548950 285.9288024902 77.4367980957
84.2391281128 275.8858642578 81.3440017700
121.4588241577 231.9840240479 83.1899948120
85.2846603394 278.8523559570 81.7799987793
124.9636230469 223.1069793701 79.7196044922
119.8008651733 233.5129699707 79.0699996948
99.7327270508 281.8601074219 85.6289978027
120.5736236572 229.2569732666 79.0496063232
122.1406936646 229.9810333252 85.7701950073
86.7474212646 280.3598632812 87.5900039673
97.3838043213 283.4071960449 82.9911956787
92.7340774536 278.2528381348 88.9500045776
90.8472213745 278.9653625488 83.1499938965
110.6791305542 249.2058563232 72.4739990234
102.4692077637 285.6076049805 73.6581954956
99.0622024536 284.9898681641 74.8999938965
98.9097518921 289.9599914551 70.8499984741
108.3138046265 252.6772003174 77.3211975098
91.3833847046 284.2798767090 84.9125976562
103.1316909790 288.3973693848 71.8700027466
94.3136520386 282.9378356934 85.7639999390
130.7589721680 215.9092559814 75.0390014648
94.1882858276 281.4133605957 74.8159942627
114.3486099243 239.7056121826 79.4576034546
125.0017623901 223.6867980957 74.6609954834
82.4619293213 278.6889953613 80.2480010986
125.1938018799 227.3972015381 85.2511978149
123.5422058105 231.1698760986 79.8699951172
100.1082839966 277.2333679199 83.9160003662
119.0936279297 227.3769836426 78.7796020508
100.6140060425 277.7422180176 83.3899993896
92.8474273682 281.5898742676 85.3400039673
108.7140808105 254.3628540039 76.0500030518
130.7589721680 215.9092559814 75.0390014648
100.2282867432 288.1933593750 71.5960006714
129.6902923584 219.8798370361 78.8249969482
97.0389328003 280.7258300781 80.6619949341
107.9616622925 254.3893585205 75.9603958130
92.9597549438 285.2099914551 74.8299942017
100.8521347046 288.4669189453 76.5932006836
94.9720611572 287.1080322266 76.6220016479
127.2382888794 220.0333862305 74.5960006714
97.0389328003 280.7258300781 80.6619949341
102.1513977051 289.1600036621 61.9588012695
127.5282821655 219.6733856201 75.9259948730
126.4949874878 224.3669281006 83.7854003906
127.0299911499 223.5252380371 81.8674011230
93.6046600342 281.2923583984 80.2099990845
102.8151397705 290.2300109863 61.6730003357
93.9674224854 283.0998840332 79.6500015259
115.9286041260 246.3156127930 77.2476043701
118.3638000488 246.1371917725 77.7012023926
94.1346588135 280.5823364258 81.7299957275
97.6739654541 287.3900146484 71.8338012695
126.9640045166 212.6822052002 78.5400009155
98.4559555054 277.7787780762 87.5167999268
118.5416641235 249.1493530273 76.3803939819
120.9697952271 227.6257019043 85.2618026733
128.5536193848 210.8969726562 81.9396057129
94.9720611572 287.1080322266 76.6220016479
122.6020584106 220.0280456543 82.7419967651
125.8027267456 223.5901031494 78.0289993286
93.4427871704 284.1289978027 85.2961959839
98.3759536743 277.9787902832 85.2768020630
108.7340774536 252.2328491211 71.1399993896
91.7097549438 283.2000122070 74.9599990845
128.0413970947 212.1999969482 78.0988006592
120.9697952271 227.6257019043 85.2618026733
97.6739654541 287.3900146484 71.8338012695
90.8472213745 278.9653625488 83.1499938965
120.1951446533 228.1900024414 78.7929992676
92.8386077881 283.9255981445 77.5375976562
100.8927917480 288.7390136719 67.2761993408
108.5167083740 253.2897338867 70.2999954224
122.4433898926 223.2398681641 85.6225967407
88.4502944946 273.3298645020 91.8349990845
87.9827270508 279.4201049805 89.7690048218
125.9838027954 225.2071990967 83.6711959839
93.6259536743 289.5287780762 76.7467956543
101.7720642090 289.2580566406 69.1920013428
116.6508636475 249.3229675293 76.4700012207
88.3182830811 274.6333618164 88.2059936523
123.3527908325 228.9689941406 86.7961959839
104.1672210693 267.4053649902 65.8799972534
104.9536209106 255.7069854736 73.2896041870
98.9797897339 284.9157104492 74.0418014526
87.7567138672 279.1697387695 83.5199966431
107.7767105103 256.5297241211 73.3399963379
89.1016616821 281.2593688965 79.6903991699
118.7517623901 229.1068115234 81.7809982300
90.6763076782 274.5286865234 87.7649993896
98.3451461792 279.9899902344 83.1929931641
90.1349945068 280.6069335938 79.2154006958
123.5797576904 222.1000061035 74.4899978638
118.3974227905 226.6298675537 80.6800003052
97.3516616821 289.5293579102 79.3404006958
98.1052856445 280.8969421387 79.9039993286
89.2974243164 279.3498840332 83.7099990845
87.2374267578 280.7698669434 76.6900024414
96.5927886963 293.6690063477 80.6061935425
84.8688201904 278.3540344238 81.6499938965
104.9888229370 288.5040283203 71.3299942017
94.0746612549 283.9723510742 80.5999984741
94.7586059570 284.9456176758 81.8776016235
124.7546615601 218.1423492432 82.5899963379
82.9908676147 279.7329711914 80.2300033569
99.9608688354 279.3429565430 90.1800003052
101.3632965088 288.6326904297 76.0979995728
123.1833877563 216.5298614502 82.7826004028
84.3427886963 274.6390075684 82.9961929321
118.0346603394 224.8223571777 81.2399978638
85.4686050415 271.9255981445 79.9076004028
104.9536209106 255.7069854736 73.2896041870
122.1752853394 229.7269287109 78.1340026855
85.2246627808 274.7923583984 82.3799972534
96.9097518921 288.9100036621 73.6599960327
87.3263092041 275.7986755371 88.1450042725
130.5833129883 214.6226959229 82.4380035400
122.9059524536 219.7987976074 80.4168014526
85.5259552002 274.6788024902 82.3868026733
110.6791305542 249.2058563232 72.4739990234
94.5707244873 284.7066345215 82.2559967041
126.7652893066 217.6369323730 82.6140060425
87.2374267578 280.7698669434 76.6900024414
128.8127288818 224.2801055908 75.4790039062
86.8067092896 280.8897399902 82.0599975586
119.8646621704 231.3923492432 80.5000000000
124.5640029907 225.5422058105 77.6399993896
106.0716857910 289.8773498535 63.3600006104
92.5667114258 280.6997375488 87.0299987793
88.8366775513 279.1400146484 84.3420028687
104.2974243164 292.5098876953 67.6200027466
105.6889419556 289.8782043457 63.2970008850
122.1406936646 229.9810333252 85.7701950073
100.6917648315 290.7668151855 63.8509979248
127.6316909790 226.0273742676 82.6200027466
87.7567138672 279.1697387695 83.5199966431
96.6389694214 283.9092712402 74.8090057373
91.6572189331 275.3253479004 76.9099960327
123.3774261475 223.1598663330 75.3300018311
124.7747802734 213.5053253174 78.1210021973
92.8474273682 281.5898742676 85.3400039673
124.2840042114 229.1822052002 75.9900054932
92.5920639038 282.0580444336 81.8919982910
129.5967102051 223.8197326660 75.6299972534
112.9337997437 247.6972045898 72.9412002563
89.5037994385 275.7471923828 92.0811996460
124.1397552490 225.0000000000 79.3399963379
96.2099914551 284.8152465820 82.4874038696
106.0572204590 290.8353576660 64.7299957275
82.8846588135 280.2223510742 80.1999969482
92.7191314697 282.1458740234 85.0839996338
85.2664718628 271.6912231445 80.2600021362
127.6004791260 211.1269378662 82.1774063110
94.3597564697 279.9200134277 82.2699966431
129.3600006104 219.4208526611 80.2099990845
87.9067077637 280.5897216797 88.4300003052
100.1082839966 277.2333679199 83.9160003662
90.5738067627 277.3471984863 90.7811965942
98.1127243042 282.9001159668 87.1989974976
132.9140777588 213.7228546143 81.0800018311
92.2292098999 275.7976074219 82.6082000732
104.0498046875 290.2367553711 74.8699951172
97.2759552002 278.5487976074 87.6668014526
127.5364685059 219.0312347412 82.2400054932
85.0449905396 277.1869506836 74.4153976440
122.1394042969 234.7025299072 78.5239944458
129.9872283936 223.2053527832 74.2299957275
102.8197555542 266.7300109863 65.5999984741
127.2921371460 224.4369354248 81.4031982422
127.0299911499 223.5252380371 81.8674011230
95.3582839966 288.7833557129 75.3859939575
128.2567138672 224.1397399902 74.4700012207
90.2179183960 278.5276184082 89.9670028687
97.8533020020 285.6726989746 82.5480041504
127.5874176025 217.5498657227 79.2600021362
94.7586059570 284.9456176758 81.8776016235
122.1213989258 231.0800018311 80.0988006592
125.8055877686 230.5659027100 79.2689971924
97.4688262939 282.1440429688 82.6399993896
126.4849929810 213.6869201660 81.4354019165
113.7716598511 248.9793548584 70.6503982544
100.3513946533 288.3399963379 63.3387985229
86.4617614746 276.4268188477 90.2109985352
85.0449905396 277.1869506836 74.4153976440
124.2049942017 224.5369262695 84.8554000854
101.9689712524 279.6792907715 84.6990051270
97.5508651733 289.5929565430 78.8100051880
128.5467071533 214.6997375488 82.1399993896
119.9017639160 229.7268066406 80.0110015869
132.5452880859 211.6569213867 76.4540023804
85.0494003296 282.1525268555 80.7239990234
101.7538146973 286.6584777832 74.1313934326
117.6759567261 236.1488037109 80.0067977905
90.7633895874 281.5098876953 78.3725967407
87.0325851440 278.4400024414 86.2779998779
93.5416870117 277.7773437500 87.5500030518
96.7457580566 279.1459045410 88.7430038452
86.1797561646 276.7900085449 78.0899963379
98.1127243042 282.9001159668 87.1989974976
104.6632766724 266.7881164551 65.1640014648
92.9597549438 285.2099914551 74.8299942017
101.2467117310 280.2897338867 89.6199951172
99.2602920532 278.6698608398 89.5550003052
128.6291351318 214.7658691406 82.0740051270
117.7127227783 249.9801025391 76.4489974976
84.0449905396 276.0869445801 81.8453979492
125.4631958008 232.4245910645 80.5979995728
96.0802917480 290.1998596191 78.4150009155
87.6288223267 269.8540344238 80.0099945068
97.2016601562 283.8593444824 86.3903961182
88.3397903442 272.6557006836 83.7218017578
85.8946609497 270.1823425293 79.4499969482
98.5182876587 278.2833557129 85.1159973145
95.5646591187 280.7023620605 88.6399993896
93.9674224854 283.0998840332 79.6500015259
115.2951431274 245.2400054932 74.0729980469
99.2913970947 279.1900024414 83.0088043213
100.6714019775 289.7200012207 69.9588012695
90.4397964478 280.0157165527 77.2218017578
94.3851394653 291.7600097656 75.5729980469
100.9831924438 286.2445678711 75.6279983521
123.4936218262 222.7269744873 79.5096054077
119.5308685303 228.6729736328 83.7600021362
88.7436218262 279.7369689941 84.4996032715
132.8543090820 214.6340637207 75.1424026489
108.3789672852 254.5492706299 73.2990036011
121.7592086792 224.3175811768 78.8081970215
98.2716903687 284.4573669434 78.0800018311
94.4374237061 286.1098632812 75.2000045776
119.7640075684 225.5322113037 82.2700042725
99.7327270508 281.8601074219 85.6289978027
87.6288223267 269.8540344238 80.0099945068
107.8127212524 255.4401092529 75.3290023804
100.8521347046 288.4669189453 76.5932006836
114.6934738159 244.6330566406 77.0559997559
98.4797515869 289.7200012207 73.0400009155
104.5557632446 248.8959045410 75.0429992676
99.2679138184 280.5676269531 90.3670043945
124.7838058472 232.2771911621 80.0011978149
124.5140762329 226.6528472900 85.3100051880
87.1908645630 277.4929504395 85.7500000000
107.5292129517 254.1775817871 70.1981964111
119.6574249268 229.3898620605 82.3600006104
115.3308639526 236.6429748535 78.3700027466
87.4446640015 276.1123352051 86.5299987793
92.3772201538 275.1953430176 88.4300003052
88.7689666748 280.6892700195 76.6389999390
101.6319274902 285.4190063477 67.7279968262
98.3942947388 283.7341003418 77.1823959351
94.2982864380 279.0733642578 76.1959991455
133.0227355957 214.9900970459 78.3690032959
127.4316864014 224.1373748779 81.4000015259
125.3599929810 231.4052276611 83.6773986816
127.0299911499 223.5252380371 81.8674011230
107.5489730835 255.9592590332 71.7190017700
90.5831985474 276.4145812988 80.2280044556
125.3599929810 231.4052276611 83.6773986816
102.7199935913 293.0752258301 67.6974029541
119.7246627808 232.3123474121 82.6299972534
123.0146636963 221.3523559570 75.8899993896
134.5089569092 212.7681732178 77.5569992065
86.8191299438 275.7358703613 84.5640029907
127.5874176025 217.5498657227 79.2600021362
93.8020629883 275.4503784180 83.8670043945
132.9189453125 214.0358276367 80.9619979858
99.0763092041 278.2386779785 84.0049972534
89.9027252197 280.0601196289 88.7490005493
123.4946594238 219.5923461914 79.4799957275
95.4208679199 288.7829589844 79.6600036621
129.1202850342 220.8498382568 75.8850021362
107.8767089844 252.8697357178 72.5699996948
100.9831924438 286.2445678711 75.6279983521
126.4888229370 217.8140258789 83.1499938965
90.2179183960 278.5276184082 89.9670028687
107.7767105103 256.5297241211 73.3399963379
97.5257644653 278.9058837891 85.2229995728
90.4397964478 280.0157165527 77.2218017578
129.2816925049 222.6073760986 73.9100036621
86.7551422119 274.8900146484 88.9929962158
105.6889419556 289.8782043457 63.2970008850
119.9017639160 229.7268066406 80.0110015869
120.9013977051 227.5399932861 77.6888046265
91.5074234009 284.2598876953 75.8000030518
133.7216949463 213.2473754883 79.6800003052
89.1343002319 276.7341003418 79.1523971558
130.1927337646 216.8000946045 77.0690002441
100.4638137817 285.7184753418 80.0914001465
115.1459579468 235.7187957764 78.0367965698
92.9597930908 289.1057128906 76.2418060303
133.7567138672 213.7797393799 75.4700012207
87.7592086792 272.9576110840 81.2182006836
122.1213989258 231.0800018311 80.0988006592
122.1197967529 221.7457122803 84.4718017578
107.1837997437 254.3672027588 76.0111999512
100.1082839966 277.2333679199 83.9160003662
91.5567626953 285.2620239258 82.9945983887
91.6538009644 275.4971923828 91.4412002563
91.6572189331 275.3253479004 76.9099960327
86.0907211304 275.4366455078 75.9359970093
110.4986038208 247.8756256104 72.4876022339
106.2167129517 256.2297363281 72.7500000000
96.8997955322 286.3657226562 73.7518005371
120.5736236572 229.2569732666 79.0496063232
118.2789688110 249.0892639160 74.4189987183
123.3455886841 227.1759033203 86.0289993286
127.0246582031 212.6623535156 81.8600006104
101.7538146973 286.6584777832 74.1313934326
87.9416580200 279.4893493652 82.8003997803
87.5013961792 276.5899963379 87.2987976074
128.1562957764 220.6587066650 73.8550033569
92.5538024902 278.9071960449 88.9311981201
98.4889297485 281.3558349609 90.1019973755
124.9636230469 223.1069793701 79.7196044922
87.8952865601 269.6269226074 79.4540023804
107.3152923584 249.6369323730 75.9039993286
131.6927337646 210.4100952148 83.5090026855
105.6740798950 291.6828613281 69.3000030518
85.0449905396 277.1869506836 74.4153976440
92.7288208008 276.9440307617 88.3899993896
90.1932983398 275.9027099609 86.7080001831
129.9489746094 222.4192657471 76.3889999390
127.2536315918 217.2069854736 78.5895996094
85.4936218262 277.4669799805 78.9996032715
95.3697586060 286.7600097656 77.6800003052
86.4974212646 274.4998779297 77.2600021362
124.5367126465 223.3897399902 76.1699981689
104.7767105103 290.8697204590 71.0499954224
132.5652923584 211.7969207764 77.8640060425
132.6967163086 214.7797393799 80.2399978638
122.0497589111 230.6699981689 79.9799957275
122.7746582031 225.6723480225 84.1900024414
92.9982833862 279.5433654785 75.7659988403
120.7402954102 226.0098419189 83.4049987793
128.5467071533 214.6997375488 82.1399993896
126.7738037109 219.7572021484 83.5212020874
125.5889434814 230.5881805420 76.7969970703
127.5527267456 223.2301025391 79.7389984131
98.7188262939 281.7540283203 79.0000000000
119.6574249268 229.3898620605 82.3600006104
84.8688201904 278.3540344238 81.6499938965
124.2394027710 229.0025329590 79.3939971924
103.1316604614 267.1393432617 68.6303939819
99.4357604980 277.5658874512 88.4930038452
103.8821411133 289.3269348145 71.7732009888
128.8127288818 224.2801055908 75.4790039062
121.4239654541 229.6600036621 74.0238037109
119.7640762329 231.8528442383 78.8100051880
102.4867630005 293.3820190430 70.1645965576
119.5308685303 228.6729736328 83.7600021362
91.3016586304 277.2093505859 90.0803985596
99.9167098999 290.5797424316 76.8899993896
100.0299911499 286.1752319336 77.8973999023
121.2482833862 231.2033843994 79.2959976196
97.3967666626 288.8420410156 72.9845962524
123.0146636963 221.3523559570 75.8899993896
92.0488204956 275.5040283203 86.6299972534
87.7592086792 272.9576110840 81.2182006836
106.0572204590 290.8353576660 64.7299957275
121.0720596313 229.3380432129 83.4219970703
125.4438018799 220.5771942139 83.4512023926
107.3152923584 249.6369323730 75.9039993286
91.2616577148 275.7693481445 78.1604003906
89.5037994385 275.7471923828 92.0811996460
97.1138000488 292.9271850586 80.0711975098
127.4251403809 222.4100036621 73.0429992676
83.1508636475 272.2829589844 77.9400024414
131.6927337646 210.4100952148 83.5090026855
123.5413970947 220.1999969482 79.3688049316
128.6321411133 217.9969329834 80.1632003784
85.8308639526 275.7329711914 91.8400039673
101.4027252197 280.5701293945 86.7290039062
128.0821380615 218.9869384766 81.2532043457
125.2620620728 214.3080444336 80.9720001221
130.6672210693 210.9453582764 81.6899948120
104.5799942017 284.8608398438 68.6800003052
92.5659561157 279.8187866211 77.5568008423
121.5208663940 228.1529693604 83.5400009155
112.7638168335 249.5584716797 70.6013946533
101.7720642090 289.2580566406 69.1920013428
127.9857635498 213.8459014893 76.6630020142
132.6327362061 210.6300964355 81.2890014648
126.6240768433 224.6128540039 82.8000030518
96.6816864014 281.0873413086 81.4499969482
99.0082855225 277.8033752441 86.3059997559
83.4836502075 274.4678344727 78.8040008545
123.2859573364 220.7588043213 76.3567962646
110.4739608765 251.1999969482 69.5038070679
93.7339630127 290.1300048828 74.3238067627
86.1308670044 271.2729492188 80.2900009155
106.9388198853 286.9940490723 66.9899978638
130.4316558838 211.2693481445 83.3003997803
126.4597549438 213.8899993896 77.9799957275
104.5940017700 288.9122009277 62.7999992371
123.6333847046 215.6298675537 80.4225997925
97.2167129517 284.1297302246 86.1199951172
123.2859573364 220.7588043213 76.3567962646
112.3199920654 252.1252288818 69.8874053955
83.4225845337 279.9599914551 77.8680038452
116.4586105347 247.6156158447 77.2875976562
133.8821411133 213.1469268799 76.5032043457
94.5165939331 285.1416931152 83.9258041382
100.2989730835 280.9692687988 83.5989990234
132.9140777588 213.7228546143 81.0800018311
121.3259582520 225.9387969971 82.3967971802
85.9086074829 276.4456176758 83.7476043701
104.9988250732 290.4740295410 74.8099975586
100.0520629883 289.2680358887 70.8519973755
96.1952896118 277.4269409180 87.3440017700
124.3804779053 229.8169403076 86.1874008179
92.7191314697 282.1458740234 85.0839996338
124.2049942017 224.5369262695 84.8554000854
114.6934738159 244.6330566406 77.0559997559
84.6236267090 281.6769714355 78.9596023560
116.7774200439 250.0398559570 75.0699996948
94.6786041260 293.1055908203 79.6175994873
90.4397964478 280.0157165527 77.2218017578
93.9674224854 283.0998840332 79.6500015259
86.4708709717 278.2229614258 84.0800018311
124.0840072632 220.8922119141 75.0500030518
108.6321411133 250.9869384766 74.5431976318
101.4027252197 280.5701293945 86.7290039062
119.1743011475 248.1540679932 74.1123962402
110.0233840942 251.6698608398 72.5726013184
92.5667114258 280.6997375488 87.0299987793
101.6697540283 292.4700012207 71.1100006104
86.8067092896 280.8897399902 82.0599975586
104.5940017700 288.9122009277 62.7999992371
118.3638000488 246.1371917725 77.7012023926
101.6697540283 292.4700012207 71.1100006104
99.9608688354 279.3429565430 90.1800003052
104.1672210693 267.4053649902 65.8799972534
126.2292098999 230.1475830078 84.8281936646
106.2616577148 291.6393432617 69.5703964233
96.3089447021 284.2981872559 75.5069961548
124.4955902100 221.2959136963 85.2389984131
127.0036468506 212.7378234863 79.0040054321
99.5520629883 285.2203674316 73.2969970703
87.2374267578 280.7698669434 76.6900024414
102.1963043213 284.9786987305 66.1650009155
99.7416610718 281.8493652344 88.1203994751
97.8342971802 282.8640747070 84.1223983765
98.4559555054 277.7787780762 87.5167999268
91.1638031006 279.4172058105 89.2911987305
90.8472213745 278.9653625488 83.1499938965
110.0532989502 250.1126861572 73.2880020142
102.7946624756 287.6323547363 69.5899963379
130.5833129883 214.6226959229 82.4380035400
104.5740814209 286.4728393555 69.6600036621
96.6216888428 284.8073425293 75.4800033569
83.4836502075 274.4678344727 78.8040008545
100.2599945068 287.4352416992 80.0974044800
132.6327362061 210.6300964355 81.2890014648
100.8416595459 281.2793579102 85.7304000854
104.6632766724 266.7881164551 65.1640014648
123.2699966431 230.5852355957 74.4074020386
105.7916870117 264.9873657227 66.7300033569
90.1349945068 280.6069335938 79.2154006958
86.0719299316 277.1690063477 88.6579971313
86.6640014648 274.1822204590 90.1600036621
123.6240081787 218.2822113037 80.4900054932
98.8536224365 291.3469848633 73.4696044922
93.6046600342 281.2923583984 80.2099990845
100.5504760742 287.3669128418 76.2173995972
84.6236267090 281.6769714355 78.9596023560
97.5916900635 278.6573486328 85.5699996948
100.0299911499 286.1752319336 77.8973999023
125.2242965698 228.8740692139 79.4224014282
123.2208709717 222.2329711914 81.0900039673
98.7188262939 281.7540283203 79.0000000000
100.8416595459 281.2793579102 85.7304000854
99.7199935913 291.0908508301 79.5000000000
129.1439971924 221.3222045898 74.5100021362
100.6697540283 290.0199890137 62.9600028992
121.0340805054 228.5628509521 84.0400009155
88.5427246094 280.9201049805 80.9290008545
94.0819320679 279.0589904785 78.7579956055
116.0317611694 249.6468048096 75.2309951782
109.3499908447 253.0452270508 74.7074050903
93.3708648682 292.1929626465 78.6800003052
108.0991287231 250.2558593750 72.9240036011
92.7288208008 276.9440307617 88.3899993896
106.9388198853 286.9940490723 66.9899978638
94.4374237061 286.1098632812 75.2000045776
93.4567642212 291.5820312500 75.4746017456
131.8343048096 215.4040679932 75.6223983765
102.4692077637 285.6076049805 73.6581954956
91.3833847046 284.2798767090 84.9125976562
87.8772201538 275.9053649902 77.8099975586
124.0597534180 226.7500000000 77.0799942017
124.0597534180 226.7500000000 77.0799942017
95.9274215698 282.5098876953 88.0800018311
105.3816909790 285.9973449707 68.2600021362
88.6594009399 280.6325378418 89.1339950562
112.1792144775 249.4575805664 69.2182006836
99.7246627808 278.2523498535 89.3399963379
128.9640655518 216.7228546143 80.9400024414
82.1333847046 273.6998901367 75.9025955200
96.2613983154 287.1400146484 75.1688003540
121.3567123413 247.8197326660 75.1399993896
111.8616638184 249.2793579102 69.3003997803
89.4882888794 275.0133666992 87.6059951782
102.2089691162 279.6292724609 86.8690032959
129.8151397705 213.9400024414 72.7329940796
94.4408645630 284.1829528809 79.4800033569
121.4588241577 231.9840240479 83.1899948120
89.2974243164 279.3498840332 83.7099990845
118.3651428223 247.3200073242 73.5629959106
96.3622055054 286.5098571777 75.5299987793
89.8047790527 272.0253295898 82.5709991455
99.0622024536 284.9898681641 74.8999938965
123.5422058105 231.1698760986 79.8699951172
125.6855850220 213.6859130859 80.0390014648
115.8482589722 248.6072998047 77.2609939575
125.2355880737 214.5859069824 82.3990020752
101.5999908447 286.8652343750 72.5074005127
88.8239669800 278.8399963379 76.9138031006
121.4846649170 229.9223480225 81.3799972534
103.2740783691 290.0328369141 75.1100006104
94.8046646118 286.0123596191 79.0800018311
93.7467651367 279.0620117188 83.2246017456
118.1257629395 225.0959014893 80.8030014038
98.8972244263 283.5053405762 77.3199996948
120.4340820312 226.9728546143 84.2300033569
122.4642944336 232.5640716553 75.4123992920
108.1672210693 255.9153594971 71.9399948120
123.4946594238 219.5923461914 79.4799957275
85.8308639526 275.7329711914 91.8400039673
82.4567642212 275.7720336914 80.6945953369
86.4708709717 278.2229614258 84.0800018311
123.0842971802 228.6340637207 78.1424026489
86.9416580200 282.1493530273 78.9403991699
131.7798156738 211.5867462158 77.6299972534
99.4357604980 277.5658874512 88.4930038452
115.3682632446 240.3372955322 81.2409973145
100.8521347046 288.4669189453 76.5932006836
91.2667083740 275.9397277832 78.3099975586
120.6314010620 226.3500061035 77.0388031006
123.0255889893 228.1859130859 76.7089996338
105.3621368408 288.7669372559 63.7732009888
124.8266830444 217.4100036621 78.1019973755
92.3251419067 282.7500000000 74.4829940796
108.4689483643 254.6281738281 72.9369964600
96.3622055054 286.5098571777 75.5299987793
89.0616607666 279.9893493652 81.8603973389
132.6316680908 210.2593536377 82.5904006958
88.7689666748 280.6892700195 76.6389999390
85.5208663940 279.9429626465 82.6200027466
91.5340042114 273.3121948242 88.7100067139
110.6791305542 249.2058563232 72.4739990234
125.6855850220 213.6859130859 80.0390014648
101.3555831909 284.4659118652 74.8089981079
129.8140716553 222.7628479004 76.4700012207
121.0288238525 227.2540283203 83.4799957275
96.6216888428 284.8073425293 75.4800033569
120.6314010620 226.3500061035 77.0388031006
121.6346588135 225.4323425293 82.0599975586
105.1089706421 289.2792663574 62.9989967346
125.9838027954 225.2071990967 83.6711959839
96.5440063477 278.5822143555 78.5600051880
123.2552871704 228.8669281006 77.6640014648
121.2482833862 231.2033843994 79.2959976196
98.1052856445 280.8969421387 79.9039993286
113.6831970215 248.4445800781 71.0179977417
121.4640808105 233.2928466797 83.7500000000
132.2016601562 215.4893493652 76.0003967285
123.5902938843 231.0698394775 79.4449996948
105.9618682861 286.2775268555 67.2519989014
115.9286041260 246.3156127930 77.2476043701
100.1082839966 277.2333679199 83.9160003662
92.7892608643 284.7991943359 82.6742019653
119.0697555542 230.0599975586 75.6299972534
94.5413970947 290.7399902344 74.4787979126
86.5951461792 277.5499877930 87.3330001831
127.5233001709 215.5826873779 82.4280014038
109.7707214355 251.4866485596 72.1959991455
88.6594009399 280.6325378418 89.1339950562
99.9747848511 286.7653503418 64.5910034180
111.8616638184 249.2793579102 69.3003997803
94.5608673096 279.7029418945 88.2400054932
89.4108657837 280.3729553223 88.6800003052
131.6167144775 210.4497375488 79.1100006104
124.5640029907 219.1322021484 78.6399993896
127.2536315918 217.2069854736 78.5895996094
121.2416915894 226.4973754883 82.8300018311
109.5216903687 253.8873748779 74.6500015259
129.9872283936 223.2053527832 74.2299957275
106.0716857910 289.8773498535 63.3600006104
91.0597915649 282.7857055664 83.7618026733
112.6333007812 249.0626831055 72.8379974365
114.5119323730 237.2789916992 80.0479965210
89.1788253784 275.7840270996 87.0899963379
132.6327362061 210.6300964355 81.2890014648
125.1227874756 230.7989959717 86.7461929321
99.5972213745 291.9953613281 75.2799987793
122.7908706665 219.8329772949 82.1700057983
120.5125885010 232.5099945068 75.6679992676
98.0216903687 279.5473632812 79.1200027466
122.5540084839 229.4622039795 80.5400009155
94.8046646118 286.0123596191 79.0800018311
126.6240768433 224.6128540039 82.8000030518
102.2089691162 279.6292724609 86.8690032959
99.7246627808 278.2523498535 89.3399963379
97.1052856445 290.8069152832 79.1640014648
114.5119323730 237.2789916992 80.0479965210
85.7347793579 271.6353454590 80.4510040283
101.4422073364 288.6698608398 69.7599945068
97.0867080688 282.7397460938 88.9199981689
91.1155853271 274.6559143066 83.7590026855
107.8216857910 289.5573425293 69.5000000000
96.7788238525 277.8240356445 86.4099960327
95.2791290283 288.5258483887 77.7140045166
84.7972183228 281.6453552246 79.0799942017
128.5117645264 216.4667968750 75.8509979248
86.1597518921 275.3900146484 89.5999984741
101.7538146973 286.6584777832 74.1313934326
120.9340057373 230.9322052002 79.6600036621
128.9994049072 223.4425354004 79.7339935303
91.3599929810 277.0552368164 81.4574050903
121.2482833862 231.2033843994 79.2959976196
126.9640045166 212.6822052002 78.5400009155
95.2113952637 292.5499877930 75.9888000488
83.8240051270 278.1822204590 78.5500030518
120.0140075684 234.7622070312 77.4900054932
83.8240051270 278.1822204590 78.5500030518
130.5716552734 217.1893615723 80.3003997803
85.7697525024 277.5599975586 80.4399948120
116.5440063477 236.7122039795 79.9800033569
122.1406936646 229.9810333252 85.7701950073
97.0299987793 278.5008239746 79.7099990845
123.7689666748 227.0092620850 76.8190002441
127.2608642578 213.7529754639 82.7000045776
126.4888229370 217.8140258789 83.1499938965
101.3632965088 288.6326904297 76.0979995728
95.3459548950 285.9288024902 77.4367980957
100.9416885376 289.0473632812 76.3300018311
92.1813964844 281.5000000000 74.8588027954
132.5452880859 211.6569213867 76.4540023804
89.4882888794 275.0133666992 87.6059951782
125.3264694214 227.0012359619 84.5100021362
98.4389419556 281.2081909180 77.8369979858
126.9640045166 212.6822052002 78.5400009155
124.6689682007 231.9192657471 75.5790023804
92.5659561157 279.8187866211 77.5568008423
103.8640823364 291.3628540039 64.9899978638
101.1988220215 289.2340393066 75.5599975586
119.8167114258 232.7497406006 76.2099990845
132.2016601562 215.4893493652 76.0003967285
124.8632965088 221.3026885986 84.1979980469
87.1908645630 277.4929504395 85.7500000000
87.8898010254 276.3867492676 87.2299957275
96.5813980103 292.3299865723 75.5288009644
102.4692077637 285.6076049805 73.6581954956
127.4782867432 212.5333862305 78.8159942627
127.2921371460 224.4369354248 81.4031982422
93.6046600342 281.2923583984 80.2099990845
102.1774215698 266.3698730469 65.4500045776
118.8938064575 247.4371948242 77.7411956787
98.7074203491 291.0198669434 71.6900024414
84.6236267090 281.6769714355 78.9596023560
87.5013961792 276.5899963379 87.2987976074
101.6407394409 291.2999877930 68.0225982666
106.4452896118 286.5769348145 68.0740051270
101.3632965088 288.6326904297 76.0979995728
101.7720642090 289.2580566406 69.1920013428
86.5951461792 277.5499877930 87.3330001831
107.7516860962 287.8273620605 66.1500015259
122.5252914429 224.6069335938 80.2140045166
130.2989501953 222.0581817627 74.6669998169
106.4699935913 247.9108581543 74.9800033569
104.1708679199 291.7929687500 69.0200042725
85.5946578979 274.6423645020 91.0000000000
98.4752883911 290.5869140625 78.7040023804
97.5508651733 289.5929565430 78.8100051880
83.2833862305 275.8898925781 75.1825942993
98.3647842407 285.7353515625 72.6009979248
119.5159530640 231.9488067627 80.6567993164
101.1292114258 286.1776123047 81.2481994629
82.9908676147 279.7329711914 80.2300033569
98.2507247925 289.1066284180 80.1959991455
100.8416595459 281.2793579102 85.7304000854
92.5667114258 280.6997375488 87.0299987793
85.1565933228 275.9216918945 74.8358001709
120.9340057373 230.9322052002 79.6600036621
91.8339614868 283.8099975586 81.8438034058
128.2486114502 215.2056121826 76.7575988770
127.2382888794 220.0333862305 74.5960006714
126.6240768433 224.6128540039 82.8000030518
86.5016632080 282.0493469238 80.3203964233
87.1167068481 276.6797485352 91.2799987793
98.8747787476 283.5953369141 78.2809982300
85.7347793579 271.6353454590 80.4510040283
125.7616882324 230.1473693848 76.5500030518
90.2216644287 279.0593566895 89.4203948975
91.3808670044 283.5429687500 77.2000045776
98.4752883911 290.5869140625 78.7040023804
115.9286041260 246.3156127930 77.2476043701
99.2679138184 280.5676269531 90.3670043945
87.8898010254 276.3867492676 87.2299957275
95.9274215698 282.5098876953 88.0800018311
95.2686080933 287.9956054688 80.2476043701
120.9013977051 227.5399932861 77.6888046265
95.1733016968 278.3427124023 87.8580017090
130.5716552734 217.1893615723 80.3003997803
122.5252914429 224.6069335938 80.2140045166
128.5808715820 211.9929656982 81.9300003052
100.9851455688 289.2300109863 62.6329994202
105.6667098999 291.4497375488 66.1299972534
123.2367630005 231.9320068359 84.4445953369
111.8184585571 250.9262847900 69.3498001099
101.4640808105 279.2328491211 90.4599990845
86.4216613770 274.5093688965 76.4804000854
124.6759567261 220.3388061523 78.0667953491
99.9167098999 290.5797424316 76.8899993896
129.1372222900 217.1653594971 78.6999969482
98.2507247925 289.1066284180 80.1959991455
94.6127853394 276.1589965820 87.0561981201
85.4099960327 278.1308288574 81.2000045776
97.0206909180 286.5910034180 81.7602005005
106.0572204590 290.8353576660 64.7299957275
98.1367645264 287.9620361328 80.8646011353
127.2921371460 224.4369354248 81.4031982422
109.6221389771 251.9069366455 75.0531997681
87.9067077637 280.5897216797 88.4300003052
91.1446609497 282.4523620605 76.3600006104
99.0622024536 284.9898681641 74.8999938965
95.7108688354 280.1329650879 80.2400054932
110.6791305542 249.2058563232 72.4739990234
124.4955902100 221.2959136963 85.2389984131
124.5636520386 218.7878265381 79.1940002441
95.0408706665 287.1029663086 79.9200057983
91.6486053467 282.0556030273 78.4876022339
104.8016891479 266.4873657227 66.7200012207
96.2038040161 279.5472106934 88.2511978149
94.4247817993 288.4753417969 75.0910034180
99.6538009644 287.7371826172 78.9611968994
107.8216857910 289.5573425293 69.5000000000
104.0816879272 289.5573425293 73.7099990845
85.8308639526 275.7329711914 91.8400039673
112.0827865601 251.5189971924 72.9561996460
85.2846603394 278.8523559570 81.7799987793
89.5147857666 277.1853332520 77.6809997559
126.2642974854 225.9240722656 80.0423965454
133.0827331543 214.7201080322 75.1989974976
94.0279159546 283.0876159668 78.1370010376
94.6397552490 284.7200012207 79.1999969482
127.2921371460 224.4369354248 81.4031982422
84.8740768433 279.6628417969 82.2099990845
120.7599945068 229.3108520508 77.9700012207
103.7536239624 291.4969787598 66.0195999146
102.4692077637 285.6076049805 73.6581954956
86.4734725952 279.0230407715 90.0859985352
101.1988220215 289.2340393066 75.5599975586
105.8421401978 287.2169189453 65.3031997681
92.7208709717 280.8729553223 86.7400054932
128.9994049072 223.4425354004 79.7339935303
98.1064682007 280.8812255859 81.0500030518
119.5046615601 233.1023559570 80.1699981689
102.3608703613 291.4729614258 64.7099990845
87.6013946533 275.3699951172 87.9988021851
86.5016632080 282.0493469238 80.3203964233
108.9721374512 251.5069274902 71.2332000732
85.5967102051 275.4597473145 78.1800003052
85.2046585083 276.8123474121 81.8399963379
125.2242965698 228.8740692139 79.4224014282
100.0155868530 285.0359191895 82.3990020752
122.9091262817 221.4458618164 83.8339996338
86.1182632446 278.0473022461 90.5810012817
89.2072219849 275.3653564453 79.6999969482
89.7467117310 279.4397277832 82.1699981689
105.3399963379 265.2552185059 68.0874023438
128.5467071533 214.6997375488 82.1399993896
110.0233840942 251.6698608398 72.5726013184
85.8946609497 270.1823425293 79.4499969482
90.5682830811 273.1633605957 88.2659988403
91.5392150879 278.5075988770 78.4481964111
88.6633834839 274.1498718262 84.8725967407
124.9616851807 232.8473663330 82.6999969482
87.4397583008 279.7099914551 75.8499984741
128.4536285400 216.3669738770 74.4896011353
101.1292114258 286.1776123047 81.2481994629
90.5682830811 273.1633605957 88.2659988403
101.4027252197 280.5701293945 86.7290039062
92.7340774536 278.2528381348 88.9500045776
108.9721374512 251.5069274902 71.2332000732
109.5416870117 251.7573699951 69.7399978638
122.1752853394 229.7269287109 78.1340026855
128.8939971924 213.8922119141 73.8500061035
107.7116622925 253.7593536377 70.7304000854
125.2951431274 222.1499938965 73.4429931641
129.1816558838 215.6693572998 81.4104003906
116.5440063477 236.7122039795 79.9800033569
121.5886077881 231.6356201172 83.7276000977
97.3040771484 281.6828613281 89.7600021362
132.2016601562 215.4893493652 76.0003967285
128.2567138672 224.1397399902 74.4700012207
86.6208648682 279.6429443359 88.9900054932
126.6067123413 227.5597381592 83.1800003052
127.0772171021 223.0453491211 79.8799972534
128.9994049072 223.4425354004 79.7339935303
125.2951431274 222.1499938965 73.4429931641
109.1127853394 252.4389953613 77.7761993408
122.6120605469 222.8380432129 82.2819976807
86.1597518921 275.3900146484 89.5999984741
88.3640060425 273.4822082520 79.9800033569
96.6816864014 281.0873413086 81.4499969482
98.2774200439 290.7798767090 73.8800048828
90.9599914551 274.6052246094 82.1874008179
91.6572189331 275.3253479004 76.9099960327
86.3017654419 279.0867919922 88.5510025024
87.0240783691 279.8328552246 82.9000015259
123.7689666748 227.0092620850 76.8190002441
100.6140060425 277.7422180176 83.3899993896
121.3567123413 247.8197326660 75.1399993896
100.9621353149 286.9669189453 76.6931991577
85.8946609497 270.1823425293 79.4499969482
116.7774200439 250.0398559570 75.0699996948
84.8839645386 280.4700012207 75.5838012695
99.2526397705 284.4767761230 81.3430023193
118.2608642578 231.9629669189 78.5300064087
88.6594009399 280.6325378418 89.1339950562
99.7249908447 288.2769470215 82.0154037476
120.1686172485 234.3117675781 77.0960006714
104.9940795898 289.8128356934 71.8899993896
125.9299926758 216.0852355957 77.7374038696
125.2355880737 214.5859069824 82.3990020752
121.4846649170 229.9223480225 81.3799972534
90.4255905151 277.3659057617 79.5989990234
96.5791320801 287.8758544922 80.9240036011
88.3397903442 272.6557006836 83.7218017578
86.7551422119 274.8900146484 88.9929962158
99.7199935913 291.0908508301 79.5000000000
114.9134750366 239.1330566406 81.4759979248
125.4872207642 225.6753540039 79.6199951172
92.5538024902 278.9071960449 88.9311981201
98.3451461792 279.9899902344 83.1929931641
87.8952865601 269.6269226074 79.4540023804
92.8155899048 279.5659179688 77.9889984131
103.8863067627 286.5486755371 63.4049987793
129.5940704346 221.2828521729 81.1399993896
99.9088211060 286.0340270996 78.4799957275
127.5364685059 219.0312347412 82.2400054932
86.8151397705 279.7099914551 76.2329940796
88.3682861328 277.2133789062 77.8759994507
121.4667663574 230.1020050049 84.4945983887
99.9088211060 286.0340270996 78.4799957275
99.2839660645 288.4200134277 63.8238029480
94.5165939331 285.1416931152 83.9258041382
125.5583877563 229.2779541016 82.3259963989
118.7664718628 234.7412414551 79.3900070190
98.4889297485 281.3558349609 90.1019973755
125.3332977295 228.7026824951 85.2379989624
91.3833847046 284.2798767090 84.9125976562
127.6004791260 211.1269378662 82.1774063110
93.5282592773 280.4573059082 79.5509948730
127.0772171021 223.0453491211 79.8799972534
87.4094009399 281.8225402832 81.3339996338
124.3272171021 233.7653503418 81.8599929810
97.0792083740 283.5576171875 83.6381988525
121.0632705688 232.2881011963 75.1139984131
123.5422058105 231.1698760986 79.8699951172
88.7872238159 280.3853454590 76.1299972534
85.8586044312 277.9555969238 83.7076034546
88.7689666748 280.6892700195 76.6389999390
100.1718673706 291.0175170898 76.3619995117
119.1513977051 227.3999938965 79.0688018799
118.7664718628 234.7412414551 79.3900070190
83.6492614746 275.5892028809 80.0041961670
97.2567138672 284.5097351074 82.3600006104
85.5208663940 279.9429626465 82.6200027466
124.2049942017 224.5369262695 84.8554000854
101.6427230835 280.5201110840 88.8990020752
93.8022079468 280.1298828125 82.8999938965
127.4782867432 212.5333862305 78.8159942627
97.5508651733 289.5929565430 78.8100051880
123.5497589111 221.8899993896 78.8499984741
124.3804779053 229.8169403076 86.1874008179
86.5859527588 275.3787841797 89.5667953491
123.5422058105 231.1698760986 79.8699951172
86.3017654419 279.0867919922 88.5510025024
97.8464736938 283.9712219238 81.8200073242
110.4986038208 247.8756256104 72.4876022339
88.3967132568 280.9997253418 77.5299987793
118.2946624756 230.7123565674 75.9300003052
85.4686050415 271.9255981445 79.9076004028
83.0120620728 272.1180419922 79.5319976807
84.5791320801 271.3758544922 78.9340057373
119.5159530640 231.9488067627 80.6567993164
132.5452880859 211.6569213867 76.4540023804
93.0636520386 284.4078369141 81.1640014648
87.8898010254 276.3867492676 87.2299957275
106.0716857910 289.8773498535 63.3600006104
83.1174240112 280.4498901367 78.8300018311
106.6052856445 287.8069152832 70.0240020752
93.0636520386 284.4078369141 81.1640014648
121.3791275024 230.7558593750 84.5139999390
94.8404769897 283.5669250488 85.1774063110
94.7586059570 284.9456176758 81.8776016235
95.8699951172 278.5352172852 82.4574050903
116.3251419067 248.1100006104 74.0129928589
104.9940795898 289.8128356934 71.8899993896
122.9846649170 221.1423492432 80.2500000000
87.4863052368 273.1387023926 89.8050003052
124.7440795898 231.0928497314 83.3400039673
129.2816925049 222.6073760986 73.9100036621
123.5102920532 224.4698333740 79.2549972534
94.0286102295 282.3656005859 78.6075973511
104.2974243164 292.5098876953 67.6200027466
125.0167083740 228.0397338867 78.7599945068
94.1882858276 281.4133605957 74.8159942627
92.8155899048 279.5659179688 77.9889984131
131.9316864014 215.7673645020 79.7300033569
130.9643096924 215.7440643311 73.5823974609
104.1708679199 291.7929687500 69.0200042725
99.7246627808 278.2523498535 89.3399963379
127.8659591675 213.4387969971 75.3967971802
110.1967620850 252.6520080566 70.6546020508
90.8249893188 277.8969421387 83.3754043579
124.7388229370 229.7840270996 82.7799987793
100.3436279297 291.4369812012 71.3196029663
120.3189697266 248.2992706299 73.9690017700
102.9682846069 287.2033691406 62.8660011292
116.8191299438 236.5858612061 79.7540054321
126.3831939697 228.0845794678 83.4179992676
89.8047790527 272.0253295898 82.5709991455
86.2082824707 278.1033630371 77.1259994507
102.7199935913 293.0752258301 67.6974029541
132.5452880859 211.6569213867 76.4540023804
91.1155853271 274.6559143066 83.7590026855
93.0507354736 277.2500000000 83.0326004028
83.4247817993 272.6653442383 80.3109970093
127.2536315918 217.2069854736 78.5895996094
97.1052856445 290.8069152832 79.1640014648
129.5967102051 223.8197326660 75.6299972534
108.0991287231 250.2558593750 72.9240036011
86.2346649170 277.1323547363 83.2399978638
99.8843002319 281.3340759277 84.6623992920
93.7686080933 279.7256164551 87.7975997925
96.1140060425 277.6921997070 85.0100021362
89.5037994385 275.7471923828 92.0811996460
129.6208648682 216.3529663086 80.8500061035
131.7689666748 214.9192657471 73.1389999390
81.9597930908 273.2957153320 81.4617996216
120.1686172485 234.3117675781 77.0960006714
128.9908599854 210.6129760742 83.6500015259
99.5316925049 282.5873413086 78.1600036621
124.0597534180 220.3399963379 78.0799942017
93.1346588135 291.1023559570 77.8399963379
112.9337997437 247.6972045898 72.9412002563
102.4131927490 288.0145568848 74.2779998779
88.8239669800 278.8399963379 76.9138031006
96.7457580566 279.1459045410 88.7430038452
103.9994049072 267.8325500488 67.5439987183
124.9449920654 217.8269195557 82.0154037476
125.5838165283 229.1084747314 84.1013946533
91.3016586304 277.2093505859 90.0803985596
107.0702972412 248.4198303223 75.8549957275
103.7536239624 291.4969787598 66.0195999146
87.4863052368 273.1387023926 89.8050003052
126.6240768433 224.6128540039 82.8000030518
99.2913970947 279.1900024414 83.0088043213
85.8586044312 277.9555969238 83.7076034546
104.4997558594 291.4500122070 66.7799987793
122.6020584106 220.0280456543 82.7419967651
92.7340774536 278.2528381348 88.9500045776
104.9888229370 288.5040283203 71.3299942017
128.1940002441 214.3321990967 77.5200042725
93.4351425171 284.6499938965 73.8829956055
92.0488204956 275.5040283203 86.6299972534
93.1159515381 279.5987854004 84.3868026733
93.9133834839 284.3598937988 85.1725997925
91.2982864380 275.6833801270 84.5359954834
84.8839645386 280.4700012207 75.5838012695
96.7788238525 277.8240356445 86.4099960327
86.5951461792 277.5499877930 87.3330001831
123.8213958740 221.0099945068 78.1488037109
120.6497955322 228.6357116699 75.9418029785
100.2989730835 280.9692687988 83.5989990234
110.6791305542 249.2058563232 72.4739990234
119.1513977051 227.3999938965 79.0688018799
126.7855834961 221.1259155273 84.1689987183
83.1208648682 281.3129577637 81.0400009155
97.1938018799 284.7672119141 82.3311996460
118.8236236572 229.1169738770 80.4296035767
84.5933837891 273.7598876953 82.7526016235
95.5646591187 280.7023620605 88.6399993896
85.8586044312 277.9555969238 83.7076034546
93.6259536743 289.5287780762 76.7467956543
95.7066802979 288.0799865723 74.8020019531
107.9221343994 289.1569213867 68.6632003784
84.3355865479 272.8459167480 82.2289962769
87.1167068481 276.6797485352 91.2799987793
87.6340789795 271.1628417969 80.5699996948
123.5102920532 224.4698333740 79.2549972534
87.3340759277 275.6228637695 92.1200027466
127.2536315918 217.2069854736 78.5895996094
101.2467117310 280.2897338867 89.6199951172
99.4113998413 290.1499938965 70.6888046265
104.9308700562 255.2829742432 73.3100051880
99.5520629883 285.2203674316 73.2969970703
106.8316574097 256.0793762207 74.6503982544
95.0408706665 287.1029663086 79.9200057983
95.2791290283 288.5258483887 77.7140045166
105.6740798950 291.6828613281 69.3000030518
94.6055831909 274.3659057617 86.2890014648
99.3791275024 291.9758605957 74.2639999390
96.7443008423 282.9040832520 75.4323959351
108.3138046265 252.6772003174 77.3211975098
104.9536209106 255.7069854736 73.2896041870
105.0216903687 290.1573486328 72.3600006104
87.6340789795 271.1628417969 80.5699996948
126.7738037109 219.7572021484 83.5212020874
118.7517623901 229.1068115234 81.7809982300
124.5640029907 219.1322021484 78.6399993896
84.0449905396 276.0869445801 81.8453979492
89.4952850342 273.6269226074 91.1740036011
100.1988220215 291.2040405273 78.8600006104
90.1621398926 275.2469482422 80.5131988525
96.2613983154 287.1400146484 75.1688003540
95.8146591187 285.3823547363 77.0400009155
129.3307189941 210.3966522217 84.0960006714
82.8634719849 280.5430297852 81.6760025024
130.8157653809 212.0359039307 77.9630050659
119.1743011475 248.1540679932 74.1123962402
124.3247833252 214.4053192139 80.4810028076
110.1967620850 252.6520080566 70.6546020508
92.0827255249 275.0201110840 77.2490005493
125.1272201538 231.0653533936 75.7099990845
119.8646621704 231.3923492432 80.5000000000
94.5614013672 281.8099975586 74.9787979126
89.4538040161 279.5472106934 81.0512008667
130.6216888428 222.2873687744 75.0699996948
129.5337982178 213.9571990967 82.7712020874
128.7263031006 219.6887054443 76.7949981689
87.6340789795 271.1628417969 80.5699996948
104.1708679199 291.7929687500 69.0200042725
86.5016632080 282.0493469238 80.3203964233
93.3266830444 283.0299987793 80.0719985962
119.7527236938 249.1901092529 75.9990005493
123.6339645386 216.0599975586 79.7138061523
91.6486053467 282.0556030273 78.4876022339
86.1182632446 278.0473022461 90.5810012817
98.3759536743 277.9787902832 85.2768020630
117.8119277954 229.8689880371 77.0179977417
104.9888229370 288.5040283203 71.3299942017
124.7546615601 218.1423492432 82.5899963379
95.9727859497 284.2090148926 85.5561981201
108.9738006592 249.6871948242 73.1811981201
106.2167129517 256.2297363281 72.7500000000
108.1672210693 255.9153594971 71.9399948120
95.7108688354 280.1329650879 80.2400054932
104.7667083740 266.5197448730 67.2900009155
86.6946640015 273.2923583984 91.4599990845
102.4692077637 285.6076049805 73.6581954956
127.0986022949 214.1356201172 82.3176040649
93.5282592773 280.4573059082 79.5509948730
95.8008651733 281.7929687500 89.4800033569
89.5037994385 275.7471923828 92.0811996460
91.6572189331 275.3253479004 76.9099960327
105.6740798950 291.6828613281 69.3000030518
123.9382629395 222.2173004150 78.8409957886
89.1516571045 277.4593505859 90.7203979492
94.5413970947 290.7399902344 74.4787979126
91.5567626953 285.2620239258 82.9945983887
98.5097961426 287.3957214355 65.7418060303
128.2616577148 223.7193603516 77.7403945923
119.9536209106 233.1869812012 76.3196029663
106.0716857910 289.8773498535 63.3600006104
123.3567657471 217.5120086670 80.8646011353
85.8586044312 277.9555969238 83.7076034546
132.8543090820 214.6340637207 75.1424026489
103.2688217163 288.7240295410 74.5499954224
118.7725830078 231.1399993896 74.6380004883
105.7916870117 264.9873657227 66.7300033569
94.5333862305 293.8198852539 80.2225952148
124.9449920654 217.8269195557 82.0154037476
125.7507247925 228.7966461182 81.6559982300
87.7789306641 280.0258483887 82.7620010376
104.7767105103 290.8697204590 71.0499954224
129.2816925049 222.6073760986 73.9100036621
127.3238067627 218.7671966553 82.4311981201
90.2047805786 274.4753417969 81.8410034180
121.4667663574 230.1020050049 84.4945983887
105.1572189331 265.9053649902 65.8899993896
103.7272186279 265.9853515625 64.8899993896
87.7567138672 279.1697387695 83.5199966431
104.9536209106 255.7069854736 73.2896041870
106.9827270508 256.8500976562 73.7490005493
100.3408660889 290.3629455566 65.2000045776
114.1238021851 247.2671966553 72.0111999512
99.2516632080 282.3293457031 86.9303970337
90.7621383667 278.7769470215 78.7832031250
99.5972213745 291.9953613281 75.2799987793
131.6167144775 210.4497375488 79.1100006104
126.8963088989 219.6087036133 78.1149978638
121.2059555054 229.8688049316 82.3667984009
85.8946609497 270.1823425293 79.4499969482
83.8336257935 273.8069763184 76.4496002197
87.7789306641 280.0258483887 82.7620010376
128.5931854248 220.1145782471 81.1480026245
99.2679138184 280.5676269531 90.3670043945
90.7621383667 278.7769470215 78.7832031250
83.1208648682 281.3129577637 81.0400009155
103.7767105103 268.0197448730 67.2799987793
105.3399963379 265.2552185059 68.0874023438
86.0719299316 277.1690063477 88.6579971313
124.0839614868 215.1600036621 77.3538055420
100.0299911499 286.1752319336 77.8973999023
95.8998031616 278.2767333984 77.3299942017
87.4446640015 276.1123352051 86.5299987793
100.9851455688 289.2300109863 62.6329994202
106.8316574097 256.0793762207 74.6503982544
107.7116622925 253.7593536377 70.7304000854
86.1182632446 278.0473022461 90.5810012817
132.2016601562 215.4893493652 76.0003967285
108.0940780640 251.8128509521 73.4100036621
94.4374237061 285.7798767090 80.0400009155
85.5967102051 275.4597473145 78.1800003052
99.0067672729 289.8720397949 64.9746017456
92.2016601562 280.6193542480 87.5703964233
115.3682632446 240.3372955322 81.2409973145
95.3697586060 286.7600097656 77.6800003052
96.0640792847 279.5928344727 88.5200042725
85.9774246216 277.8498840332 78.9300003052
127.5432968140 220.7326812744 82.9680023193
118.8597564697 231.4600067139 74.5299987793
95.6749877930 285.6569519043 84.4054031372
116.6508636475 249.3229675293 76.4700012207
96.7067108154 289.7297363281 79.0999984741
86.2082824707 278.1033630371 77.1259994507
126.4949874878 224.3669281006 83.7854003906
83.0120620728 272.1180419922 79.5319976807
131.2016601562 216.3993530273 77.8903961182
99.0763092041 278.2386779785 84.0049972534
91.6438140869 274.7584838867 83.3414001465
90.9367675781 282.4920349121 76.4545974731
130.3007202148 215.9966583252 81.3460006714
93.3708648682 292.1929626465 78.6800003052
130.7418670654 220.8375244141 78.7819976807
129.5940704346 221.2828521729 81.1399993896
105.9618682861 286.2775268555 67.2519989014
104.0816879272 289.5573425293 73.7099990845
86.9497528076 279.2999877930 86.7500000000
125.4072189331 227.4253540039 77.3599929810
98.9797897339 284.9157104492 74.0418014526
103.8863067627 286.5486755371 63.4049987793
93.1466827393 281.7000122070 82.1719970703
116.6508636475 249.3229675293 76.4700012207
121.4886093140 233.1956176758 83.6276016235
116.5440063477 236.7122039795 79.9800033569
91.5074234009 284.2598876953 75.8000030518
131.2521362305 211.8069305420 79.9132003784
125.7616882324 230.1473693848 76.5500030518
125.1272201538 231.0653533936 75.7099990845
101.5999908447 286.8652343750 72.5074005127
86.6527862549 273.6090087891 83.1361999512
99.1957626343 277.6159057617 86.3230056763
104.3689346313 266.0358581543 68.9720001221
124.3582839966 218.2433776855 80.2760009766
97.8372192383 281.0953674316 83.0399932861
99.5446624756 278.2023620605 84.2299957275
96.0038146973 276.8884887695 84.7014007568
95.4736251831 289.1569824219 77.9796066284
104.1672210693 267.4053649902 65.8799972534
127.2608642578 213.7529754639 82.7000045776
115.2951431274 245.2400054932 74.0729980469
102.3382568359 290.7273254395 64.9209976196
123.0633850098 230.9498596191 86.3625946045
96.7788238525 277.8240356445 86.4099960327
126.0263061523 220.3986968994 74.2549972534
124.9072189331 229.5253601074 80.2299957275
95.5799942017 291.0552368164 74.7074050903
91.3016586304 277.2093505859 90.0803985596
118.2789688110 249.0892639160 74.4189987183
96.0588226318 278.2840270996 87.9599990845
102.4867630005 293.3820190430 70.1645965576
86.8151397705 279.7099914551 76.2329940796
97.0206909180 286.5910034180 81.7602005005
99.0836257935 291.8669738770 72.0496063232
100.2316894531 291.0773620605 76.1200027466
125.9838027954 225.2071990967 83.6711959839
95.4208679199 288.7829589844 79.6600036621
95.1379165649 284.9876098633 77.5370025635
122.9846649170 221.1423492432 80.2500000000
102.7946624756 287.6323547363 69.5899963379
108.3138046265 252.6772003174 77.3211975098
110.6791305542 249.2058563232 72.4739990234
115.0446624756 247.1523437500 75.9599990845
94.3597564697 279.9200134277 82.2699966431
126.0263061523 220.3986968994 74.2549972534
98.6921386719 280.8869323730 84.0431976318
124.2888259888 218.4140319824 81.8899993896
85.2886047363 276.3056030273 81.2676010132
95.2686080933 287.9956054688 80.2476043701
121.3259582520 225.9387969971 82.3967971802
96.7788238525 277.8240356445 86.4099960327
123.0146636963 221.3523559570 75.8899993896
125.3826446533 220.9367980957 84.1230010986
121.0632705688 232.2881011963 75.1139984131
91.6538009644 275.4971923828 91.4412002563
98.2816925049 282.9773559570 81.8000030518
85.5747833252 278.8153381348 76.3509979248
100.8927917480 288.7390136719 67.2761993408
83.2406921387 274.5110168457 75.6701965332
89.1516571045 277.4593505859 90.7203979492
96.0452880859 280.5369262695 82.2040023804
127.3152923584 216.6469268799 81.5240020752
93.3266830444 283.0299987793 80.0719985962
93.2833862305 290.5998840332 77.3926010132
120.3189697266 248.2992706299 73.9690017700
97.6043014526 285.0540771484 77.2623977661
127.0974273682 223.9098663330 73.6300048828
129.8088226318 221.4540252686 75.9099960327
125.2620620728 214.3080444336 80.9720001221
125.3826446533 220.9367980957 84.1230010986
128.1874237061 216.1598663330 74.1300048828
125.2620620728 214.3080444336 80.9720001221
94.3108673096 285.0629577637 81.4400024414
88.2972183228 279.9753417969 87.0299987793
123.2367630005 231.9320068359 84.4445953369
101.2467117310 280.2897338867 89.6199951172
131.8343048096 215.4040679932 75.6223983765
93.4813995361 281.0299987793 75.2888031006
95.6255874634 276.1358947754 84.7590026855
85.8586044312 277.9555969238 83.7076034546
88.3397903442 272.6557006836 83.7218017578
100.3513946533 288.3399963379 63.3387985229
125.7616882324 230.1473693848 76.5500030518
132.9100036621 211.8108520508 80.0100021362
114.9134750366 239.1330566406 81.4759979248
109.7707214355 251.4866485596 72.1959991455
122.8939666748 222.7700042725 82.5538024902
119.5740051270 228.8522033691 76.1900024414
123.5497589111 221.8899993896 78.8499984741
132.9189453125 214.0358276367 80.9619979858
99.9608688354 279.3429565430 90.1800003052
121.3791275024 230.7558593750 84.5139999390
120.1036224365 234.8769836426 79.7496032715
87.8772201538 275.9053649902 77.8099975586
124.5640029907 219.1322021484 78.6399993896
93.0636520386 284.4078369141 81.1640014648
95.6749877930 285.6569519043 84.4054031372
91.5392150879 278.5075988770 78.4481964111
107.9940795898 255.4728546143 74.1800003052
98.1839599609 285.2500000000 77.5138015747
129.3600006104 219.4208526611 80.2099990845
110.4986038208 247.8756256104 72.4876022339
125.8055877686 230.5659027100 79.2689971924
91.7097549438 283.2000122070 74.9599990845
125.2951431274 222.1499938965 73.4429931641
84.4067077637 282.2597351074 80.4799957275
107.0533828735 252.5898590088 77.3926010132
102.8346633911 285.4923400879 68.5400009155
122.6120605469 222.8380432129 82.2819976807
92.2016601562 280.6193542480 87.5703964233
108.1947784424 250.4653167725 75.0910034180
119.5308685303 228.6729736328 83.7600021362
107.2979202271 255.3176116943 74.9670028687
124.6440048218 223.7922058105 79.9000015259
104.9988250732 290.4740295410 74.8099975586
96.0574264526 283.8998718262 85.2799987793
98.8747787476 283.5953369141 78.2809982300
82.8634719849 280.5430297852 81.6760025024
128.1940002441 214.3321990967 77.5200042725
109.6221389771 251.9069366455 75.0531997681
100.6457595825 285.6459045410 67.3830032349
97.8464736938 283.9712219238 81.8200073242
128.9994049072 223.4425354004 79.7339935303
110.0464706421 248.4112396240 72.5600051880
99.9140777588 287.3428344727 79.0400009155
86.5297546387 275.2300109863 77.5299987793
119.7688217163 224.4940338135 81.7999954224
91.7166824341 277.9299926758 83.1019973755
128.7640686035 213.6428527832 82.9800033569
118.2134704590 231.7230529785 78.4459991455
93.2359542847 281.0687866211 81.2967987061
88.7436218262 279.7369689941 84.4996032715
96.0452880859 280.5369262695 82.2040023804
131.1516876221 212.0873718262 79.2200012207
96.3089447021 284.2981872559 75.5069961548
127.7707214355 211.6366577148 82.1059951782
98.1052856445 280.8969421387 79.9039993286
95.5967102051 286.3397216797 76.0400009155
126.9640045166 212.6822052002 78.5400009155
91.3016586304 277.2093505859 90.0803985596
122.5463027954 224.2787017822 77.2249984741
123.8736267090 223.6869812012 75.4496002197
103.9994049072 267.8325500488 67.5439987183
128.5467071533 214.6997375488 82.1399993896
110.2192077637 251.7875823975 75.8582000732
96.0574264526 283.8998718262 85.2799987793
126.8240814209 226.5028533936 84.0200042725
115.2808685303 248.2429656982 76.8000030518
120.4288253784 225.6640319824 83.6699981689
122.6120605469 222.8380432129 82.2819976807
125.2427902222 216.3789978027 83.1661987305
89.4216918945 279.4673461914 76.9700012207
99.5972213745 291.9953613281 75.2799987793
89.1343002319 276.7341003418 79.1523971558
94.6786041260 293.1055908203 79.6175994873
91.2616577148 275.7693481445 78.1604003906
102.4131927490 288.0145568848 74.2779998779
98.9097518921 289.9599914551 70.8499984741
123.5102920532 224.4698333740 79.2549972534
87.1167068481 276.6797485352 91.2799987793
103.5463027954 288.4786987305 62.4850006104
106.9827270508 256.8500976562 73.7490005493
91.4074249268 280.4698791504 86.1900024414
126.8963088989 219.6087036133 78.1149978638
103.0708694458 286.5829467773 69.3800048828
86.4734725952 279.0230407715 90.0859985352
87.7640762329 273.4128417969 80.6900024414
127.0299911499 223.5252380371 81.8674011230
104.7667083740 266.5197448730 67.2900009155
100.5504760742 287.3669128418 76.2173995972
103.0708694458 286.5829467773 69.3800048828
83.8336257935 273.8069763184 76.4496002197
93.2186050415 281.0356140137 87.2076034546
105.7916870117 264.9873657227 66.7300033569
126.2104797363 216.2569427490 82.1574020386
120.1008682251 232.4829711914 81.3400039673
128.2486114502 215.2056121826 76.7575988770
93.1159515381 279.5987854004 84.3868026733
129.2816925049 222.6073760986 73.9100036621
90.4397964478 280.0157165527 77.2218017578
125.4631958008 232.4245910645 80.5979995728
107.8518676758 249.3275299072 73.5520019531
101.6697540283 292.4700012207 71.1100006104
87.9416580200 279.4893493652 82.8003997803
131.7798156738 211.5867462158 77.6299972534
132.1094055176 209.9225311279 84.6739959717
116.4586105347 247.6156158447 77.2875976562
129.3789672852 223.3892669678 73.4490051270
126.4684600830 216.9162902832 78.8198013306
123.8736267090 223.6869812012 75.4496002197
118.2257614136 226.4859161377 82.5930023193
107.7621383667 287.9269409180 66.7132034302
99.5520629883 285.2203674316 73.2969970703
108.3789672852 254.5492706299 73.2990036011
126.2292098999 230.1475830078 84.8281936646
104.6632766724 266.7881164551 65.1640014648
107.7116622925 253.7593536377 70.7304000854
119.7688217163 224.4940338135 81.7999954224
120.1951446533 228.1900024414 78.7929992676
84.7972183228 281.6453552246 79.0799942017
93.3713989258 283.3699951172 73.9087982178
83.4247817993 272.6653442383 80.3109970093
88.7436218262 279.7369689941 84.4996032715
101.4572219849 279.6253662109 83.1099929810
119.5159530640 231.9488067627 80.6567993164
99.5436477661 292.9078369141 72.4440002441
121.4239654541 229.6600036621 74.0238037109
98.3759536743 277.9787902832 85.2768020630
90.5738067627 277.3471984863 90.7811965942
91.6486053467 282.0556030273 78.4876022339
127.2536315918 217.2069854736 78.5895996094
91.2431945801 275.2845764160 84.8880004883
118.8938064575 247.4371948242 77.7411956787
126.6827239990 224.0200958252 75.8789978027
92.5533828735 276.3098754883 86.6725997925
92.7191314697 282.1458740234 85.0839996338
88.4502944946 273.3298645020 91.8349990845
108.4689483643 254.6281738281 72.9369964600
121.3613967896 230.6100006104 74.4888000488
104.5074234009 291.2198791504 65.2900009155
94.5333862305 293.8198852539 80.2225952148
90.4255905151 277.3659057617 79.5989990234
97.0792083740 283.5576171875 83.6381988525
114.8182601929 245.7373046875 77.3209991455
126.6188201904 223.3040313721 82.2399978638
108.6321411133 250.9869384766 74.5431976318
87.9440078735 278.5021972656 76.4100036621
97.1938018799 284.7672119141 82.3311996460
94.4247817993 288.4753417969 75.0910034180
116.5440063477 236.7122039795 79.9800033569
123.0108642578 226.7629699707 85.0300064087
89.9027252197 280.0601196289 88.7490005493
127.2921371460 224.4369354248 81.4031982422
99.8186035156 288.8955993652 66.9675979614
85.4189300537 280.3558349609 82.1520004272
129.6902923584 219.8798370361 78.8249969482
96.7074203491 289.9698791504 74.5000000000
94.5674209595 284.8998718262 78.0800018311
127.2536315918 217.2069854736 78.5895996094
104.9940795898 289.8128356934 71.8899993896
104.1708679199 291.7929687500 69.0200042725
129.9489746094 222.4192657471 76.3889999390
96.5855865479 291.8759155273 79.8389968872
127.5282821655 219.6733856201 75.9259948730
86.4617614746 276.4268188477 90.2109985352
89.2072219849 275.3653564453 79.6999969482
128.5536193848 210.8969726562 81.9396057129
121.2059555054 229.8688049316 82.3667984009
132.6327362061 210.6300964355 81.2890014648
125.8127899170 232.3589935303 80.0361938477
126.0921401978 231.5069274902 77.7332000732
98.1194000244 283.1525268555 88.6739959717
108.7340774536 252.2328491211 71.1399993896
127.9857635498 213.8459014893 76.6630020142
114.6557617188 236.9759063721 78.7330017090
88.6594009399 280.6325378418 89.1339950562
103.1602935791 285.1698608398 68.1949996948
120.7016601562 229.4893493652 81.7903976440
89.0289306641 278.8358459473 90.5619964600
92.8386077881 283.9255981445 77.5375976562
