125.26 206.05 83.24
125.86 206.27 85.91
126.03 205.62 81.20
128.45 205.71 81.67
128.41 206.49 82.87
129.43 206.48 83.26
127.81 205.98 83.62
127.91 207.96 82.81
126.92 208.02 83.27
128.88 208.72 83.55
129.87 209.18 82.62
129.93 210.27 82.67
131.19 208.54 82.90
131.52 207.73 83.96
131.08 207.85 84.94
132.23 206.69 83.62
132.40 206.87 82.23
132.76 206.00 81.15
133.17 204.84 81.15
132.53 206.56 79.90
132.43 205.91 79.14
132.27 207.88 79.71
131.69 208.24 78.61
131.19 207.54 78.08
131.27 209.16 78.69
132.13 208.76 80.68
132.07 208.17 81.91
127.85 208.65 81.45
127.34 208.04 80.71
129.33 208.76 81.23
129.69 207.77 80.93
129.57 209.48 80.45
127.32 209.96 81.56
126.76 210.78 80.30
126.12 209.84 79.36
126.01 211.92 80.86
128.06 211.36 79.55
129.03 212.20 80.14
129.78 212.33 79.36
129.52 211.65 80.95
128.62 213.58 80.73
128.20 213.41 81.72
129.85 214.32 80.80
130.01 215.10 79.62
130.56 216.01 79.87
130.81 214.36 78.59
131.96 213.64 78.82
132.35 213.49 79.82
132.52 213.12 77.76
131.66 213.54 76.73
131.64 213.40 75.32
132.58 212.85 74.59
132.44 212.92 73.59
133.41 212.49 75.05
130.70 213.94 74.56
129.77 214.65 75.17
129.00 215.10 74.55
129.69 214.93 76.46
130.64 214.31 77.21
127.65 214.49 79.95
127.07 213.89 79.24
128.57 215.49 79.27
128.40 216.49 79.68
128.30 215.54 78.22
126.79 215.28 80.79
125.37 215.91 80.28
124.92 215.16 79.08
124.47 216.06 81.44
125.62 217.41 79.74
126.41 218.39 80.39
126.79 218.97 79.55
127.28 217.90 80.82
125.86 219.38 81.48
125.93 218.89 82.45
126.81 220.43 81.33
126.28 221.39 80.40
126.34 222.37 80.86
127.05 221.36 79.13
128.41 221.25 79.02
129.03 221.05 79.88
128.88 221.44 77.81
127.70 221.63 77.06
127.41 221.99 75.73
128.31 222.41 74.87
127.91 222.85 74.05
129.25 222.53 75.21
126.18 222.15 75.27
125.19 221.97 76.13
124.19 222.10 75.75
125.30 221.72 77.42
126.58 221.55 77.84
124.53 220.20 81.41
123.73 219.49 81.19
124.81 221.01 80.19
124.16 221.89 80.11
124.67 220.34 79.34
124.13 221.00 82.56
124.55 222.54 83.08
126.02 222.60 83.21
123.73 222.77 84.28
124.14 223.81 82.10
125.07 224.83 81.63
124.75 225.00 80.60
126.06 224.38 81.54
125.29 226.27 82.27
126.26 226.27 82.76
125.30 227.12 81.11
124.03 227.78 81.01
124.17 228.85 81.21
123.27 227.57 79.75
123.65 226.81 78.68
124.67 226.75 78.34
122.70 226.03 78.24
121.62 226.35 79.08
120.41 225.66 79.46
119.88 224.65 79.00
119.83 226.18 80.60
119.21 225.57 81.10
120.14 227.40 81.11
119.93 227.57 82.39
119.87 226.74 82.97
120.47 228.33 82.78
121.08 228.19 80.62
121.89 227.54 79.73
124.28 227.02 83.21
123.95 226.42 84.05
123.23 227.15 82.17
122.81 226.18 81.92
122.46 227.81 82.56
124.60 228.40 83.60
123.54 229.47 84.31
122.58 228.65 85.07
124.35 230.48 85.02
122.60 230.31 83.24
123.11 231.08 82.14
122.66 230.67 81.24
124.18 230.86 82.08
123.01 232.64 82.04
123.59 233.09 82.84
123.68 232.74 80.78
122.82 233.27 79.78
123.18 234.29 79.64
122.78 232.63 78.43
121.55 232.51 77.81
120.74 233.17 78.09
121.27 231.47 77.00
119.81 231.14 76.78
119.20 231.62 77.55
119.47 231.46 75.79
119.68 230.06 76.89
122.35 230.61 76.53
122.26 229.66 75.75
123.60 230.94 77.00
124.39 230.39 76.69
123.87 231.90 77.96
125.04 232.04 78.31
121.69 233.47 81.86
120.90 233.06 82.49
121.42 233.16 80.43
120.68 233.85 80.03
121.04 232.14 80.36
121.84 234.90 82.10
121.58 236.23 81.10
122.07 235.99 79.73
122.13 237.40 81.83
120.02 236.50 80.85
119.58 237.36 79.78
120.16 238.28 79.71
118.59 237.67 80.14
119.36 236.73 78.36
120.12 235.97 78.19
118.04 236.14 78.48
117.05 236.93 77.81
116.27 236.30 77.39
116.36 238.06 78.53
116.51 238.55 79.81
116.65 237.92 80.68
116.73 239.84 79.82
116.56 240.17 78.47
117.01 241.26 77.63
117.63 242.28 77.91
116.77 241.01 76.28
117.43 241.41 75.64
115.90 240.06 75.83
116.10 239.58 74.64
116.95 239.87 74.17
115.75 238.64 74.51
115.39 239.10 76.59
115.87 239.15 77.87
119.30 237.74 77.16
119.38 238.75 77.56
117.92 237.43 76.65
117.62 238.37 76.19
117.94 236.67 75.88
119.99 237.67 75.88
120.12 238.99 74.85
120.20 240.16 75.74
121.24 238.70 73.93
118.84 239.38 73.84
118.84 240.69 73.18
118.99 241.38 74.00
117.58 241.24 72.38
116.98 240.42 71.97
116.90 241.93 73.41
117.36 243.27 73.40
116.56 243.95 73.10
117.48 243.81 74.75
116.29 244.05 75.39
115.44 243.40 75.26
116.18 245.24 75.90
117.45 245.76 75.66
117.98 247.06 75.70
117.21 248.11 75.84
117.59 248.98 75.49
116.22 247.90 75.82
119.25 247.32 75.39
119.98 246.30 74.96
121.01 246.53 74.72
119.60 245.06 74.72
118.30 244.85 75.09
117.66 242.42 71.34
118.36 242.14 70.55
118.33 243.47 72.24
118.30 244.47 71.81
119.35 243.20 72.51
116.36 242.80 70.68
115.26 244.02 71.11
114.62 243.57 72.36
116.03 245.29 71.12
113.97 244.27 70.17
113.67 245.47 69.44
112.87 245.11 68.78
114.52 245.66 68.79
113.21 246.89 69.97
114.11 247.43 70.29
112.72 247.37 68.71
111.30 247.19 68.62
110.89 248.14 68.30
110.73 246.15 67.70
109.61 245.49 68.14
108.94 246.00 68.83
109.48 244.15 67.97
108.42 244.03 69.84
111.29 244.25 66.42
111.54 245.57 66.71
112.45 246.13 66.10
112.02 247.32 70.90
112.08 246.77 71.84
110.90 246.81 70.07
109.95 247.23 70.38
110.89 245.73 70.23
111.90 248.76 71.20
110.72 249.92 70.81
110.30 249.79 69.41
111.31 251.20 71.23
109.32 249.81 71.65
108.06 249.31 71.14
107.50 249.11 72.06
108.22 248.34 70.69
107.08 250.12 70.20
107.11 249.68 69.20
105.79 249.89 70.83
105.47 251.05 71.60
104.62 251.57 71.15
105.22 250.86 73.06
105.52 249.74 73.79
105.28 248.75 73.44
106.26 249.98 74.84
106.41 251.38 74.77
107.40 252.30 75.28
108.34 252.12 76.05
107.31 253.57 74.72
108.15 254.13 74.79
106.27 253.99 73.97
106.48 254.98 73.14
107.43 255.24 72.92
105.87 254.94 72.33
105.25 253.22 73.63
105.45 251.90 73.94
107.15 251.67 70.05
108.17 252.00 69.88
106.75 251.90 71.46
107.53 251.58 72.15
106.62 252.96 71.64
106.24 252.32 69.09
105.16 253.56 69.37
105.65 254.51 70.39
103.82 252.96 69.55
105.10 254.44 68.03
106.15 255.34 67.68
106.75 254.84 66.93
106.81 255.49 68.54
105.74 256.74 67.14
106.27 257.50 67.72
106.18 256.77 65.77
107.14 254.51 64.46
104.25 257.11 67.12
103.73 256.76 68.02
103.90 256.26 65.94
103.83 255.21 66.23
102.80 260.57 66.44
101.61 260.75 67.17
101.81 261.53 67.89
100.41 261.16 66.30
99.52 261.77 67.26
99.61 263.20 67.25
98.60 263.60 67.36
100.51 263.92 68.22
101.24 264.99 67.73
100.82 265.59 66.93
102.57 265.05 67.95
103.41 265.64 66.83
102.99 265.31 65.87
103.43 266.73 66.86
104.42 265.23 66.87
103.16 264.30 69.06
104.33 264.33 69.43
102.26 263.54 69.77
102.63 262.99 70.53
100.96 263.28 69.39
100.27 262.54 70.09
100.79 262.22 65.25
101.87 262.40 65.31
100.03 263.42 65.79
99.10 263.60 65.25
100.71 264.24 65.57
100.50 262.08 63.86
100.81 263.31 62.84
101.87 264.19 63.40
100.89 262.86 61.44
99.42 264.06 63.04
98.25 263.56 62.44
97.39 263.65 63.10
99.02 264.96 61.04
97.19 266.63 62.25
96.76 267.98 64.35
84.86 273.75 70.82
85.47 274.63 71.03
83.46 274.00 70.85
82.78 273.09 71.71
82.55 273.63 72.64
81.50 272.55 71.17
81.28 271.19 71.24
81.77 270.62 72.01
80.75 273.34 70.28
80.69 274.56 70.27
85.14 272.68 71.88
85.92 272.00 71.54
83.82 271.96 71.93
83.69 271.44 72.88
83.81 271.25 71.10
85.55 273.20 73.14
84.64 274.00 74.21
84.57 275.42 73.84
83.42 273.23 74.56
85.64 273.76 75.39
85.86 272.42 75.80
86.94 272.31 75.86
85.51 271.71 75.05
85.15 272.09 77.13
84.09 271.94 76.96
85.80 270.93 77.66
86.99 271.37 78.32
87.07 270.93 79.31
88.21 271.09 77.50
88.41 270.01 76.67
87.67 269.23 76.56
89.55 270.02 76.02
90.09 271.26 76.39
91.30 271.96 76.15
92.41 271.41 75.74
93.18 272.01 75.98
92.43 270.40 75.74
91.58 273.15 76.64
90.70 273.68 77.48
90.92 274.65 77.89
89.61 273.09 77.93
89.32 271.90 77.32
85.36 273.18 78.20
85.25 274.17 77.76
86.81 272.87 78.46
87.20 273.18 79.43
87.31 273.44 77.68
84.54 273.09 79.35
84.86 274.01 80.63
85.88 273.29 81.41
83.57 274.32 81.27
85.46 275.44 80.07
86.81 275.75 79.68
86.79 276.79 79.35
87.14 275.23 78.79
87.94 275.64 80.74
88.47 274.69 80.68
88.80 276.73 80.41
88.50 277.90 81.18
89.40 278.15 81.75
88.04 279.05 80.32
86.82 279.63 80.62
86.46 279.60 81.64
85.94 279.96 79.64
84.46 279.96 80.01
84.31 279.43 80.95
84.06 280.97 80.06
83.93 279.39 79.25
86.38 280.06 78.26
85.72 280.47 77.31
87.70 279.71 78.06
88.05 279.71 77.11
88.54 279.17 79.01
89.66 278.84 78.64
87.43 275.89 82.16
86.40 275.54 82.24
87.38 277.40 82.12
87.41 277.88 83.10
86.38 277.56 81.70
88.04 275.29 83.29
89.60 275.12 83.55
89.95 273.68 83.53
90.35 276.13 82.80
89.46 275.60 85.07
89.01 276.90 85.37
88.62 276.86 86.39
88.13 277.15 84.77
90.06 278.02 85.18
90.11 278.29 84.13
89.63 279.14 85.98
90.25 279.04 87.25
90.35 280.03 87.70
89.40 278.19 88.14
88.07 278.44 88.42
87.56 279.30 88.01
87.48 277.55 89.16
88.49 276.59 89.34
88.59 275.37 90.04
87.64 274.89 90.82
87.87 274.04 91.32
86.77 275.39 90.86
89.70 274.64 90.07
90.74 275.12 89.40
91.64 274.52 89.41
90.83 276.28 88.78
89.66 276.97 88.74
91.47 277.64 85.67
91.49 276.58 85.93
91.64 278.53 86.89
92.22 279.41 86.61
92.17 278.02 87.69
92.51 277.93 84.74
93.96 277.25 84.91
93.84 275.84 85.33
94.86 277.61 83.80
94.44 278.04 86.22
95.29 279.17 86.21
96.22 278.90 85.71
95.50 279.36 87.26
94.74 280.48 85.62
93.66 280.53 85.76
95.37 281.56 86.31
96.64 281.77 85.71
96.87 282.84 85.70
97.61 281.03 86.59
97.53 280.96 87.96
96.74 281.45 88.50
98.45 280.23 88.54
99.18 279.76 87.44
100.36 278.99 87.29
101.14 278.65 88.29
102.04 278.30 88.01
100.90 279.00 89.20
100.90 278.70 86.12
100.28 279.19 85.05
100.72 278.95 84.09
99.23 279.99 85.02
98.69 280.24 86.25
95.02 280.81 84.16
94.97 279.92 83.53
96.47 281.28 84.27
96.73 282.07 83.57
97.10 280.42 84.02
93.94 281.70 83.81
94.00 283.22 83.30
95.20 283.89 83.83
92.67 283.81 83.57
94.12 283.03 81.71
95.14 282.28 81.07
94.78 282.04 80.07
95.31 281.33 81.59
96.47 283.03 80.95
96.91 283.22 81.94
97.38 282.28 80.14
97.20 282.64 78.77
98.16 282.83 78.30
96.45 281.56 78.04
96.08 280.33 78.52
96.65 279.79 79.26
94.89 279.96 78.13
94.47 281.03 77.33
93.17 281.50 76.90
92.05 281.04 77.03
93.21 282.75 76.31
92.32 283.20 76.22
94.36 283.37 75.95
94.32 284.65 75.71
93.57 285.21 76.09
95.25 285.05 75.62
95.57 282.93 76.23
95.55 281.81 77.02
96.28 284.39 80.29
95.25 284.72 80.46
96.41 283.96 78.85
95.38 283.84 78.50
96.90 284.70 78.22
97.12 285.37 80.91
98.42 286.08 80.30
99.25 286.51 81.44
99.02 285.25 79.24
97.80 287.43 79.65
96.79 287.44 78.66
96.36 288.44 78.68
95.98 286.76 78.94
97.25 287.14 77.21
96.99 286.13 76.90
96.50 288.08 76.44
97.36 289.11 75.98
97.52 288.91 74.92
96.88 290.51 76.20
97.84 291.43 76.60
98.86 291.32 76.26
97.57 292.33 77.57
98.77 292.92 78.31
99.64 292.28 78.16
98.99 293.92 77.96
98.55 292.93 79.38
96.20 292.55 78.03
95.82 293.35 78.88
95.27 291.76 77.40
94.31 291.85 77.70
95.53 290.74 76.52
94.57 290.13 76.05
98.74 287.36 76.92
99.35 287.11 77.78
98.63 288.86 76.82
99.57 289.29 76.47
98.49 289.25 77.83
99.20 286.56 75.81
99.71 287.02 74.34
98.51 287.39 73.56
100.59 285.94 73.85
100.63 288.33 74.46
100.17 289.63 74.15
100.64 290.31 74.86
99.09 289.72 74.30
100.40 290.15 72.73
99.52 289.96 72.11
100.60 291.53 72.99
102.00 291.77 73.15
102.28 292.47 72.37
102.48 292.29 74.46
103.78 292.00 74.82
104.44 291.55 74.11
104.23 292.29 76.06
105.24 292.04 76.34
103.33 293.00 76.89
103.85 293.70 77.84
104.86 293.72 77.86
103.24 294.47 78.09
102.13 293.39 76.55
101.64 293.01 75.34
100.50 293.36 75.06
101.66 289.72 72.00
101.76 288.64 72.01
102.65 290.37 72.93
103.65 290.40 72.50
102.71 289.80 73.85
101.58 290.24 70.67
102.55 291.30 69.90
103.60 291.93 70.74
101.71 292.15 69.04
103.30 290.23 69.01
104.32 289.40 69.56
103.97 288.38 69.45
104.43 289.58 70.63
105.70 289.55 68.89
106.45 289.80 69.64
105.97 288.28 68.30
105.54 288.32 66.94
106.38 288.07 66.29
104.42 287.40 66.62
103.63 286.69 67.49
104.01 286.24 68.40
102.35 286.73 67.18
102.35 287.54 66.04
101.34 288.34 65.38
100.12 288.42 65.55
101.87 289.23 64.46
101.28 290.02 64.22
103.14 289.16 64.00
103.70 290.23 63.50
103.30 291.13 63.73
104.70 290.12 63.50
104.04 288.30 64.42
103.62 287.61 65.53
105.74 290.60 67.77
105.11 291.45 68.04
105.07 289.78 66.70
103.99 289.87 66.80
105.32 290.16 65.71
107.01 291.17 67.41
108.17 290.45 66.55
109.12 289.84 67.49
107.59 289.66 65.44
108.85 291.72 65.84
108.33 292.25 64.62
108.72 293.26 64.51
107.25 292.33 64.70
108.67 291.45 63.32
107.75 291.05 62.90
109.26 292.39 62.42
110.68 292.31 62.50
111.07 292.01 61.52
109.70 290.32 63.42
109.60 289.71 64.32
110.93 291.18 63.52
111.85 290.63 63.32
110.97 291.55 64.54
109.72 289.46 62.29
110.88 288.36 62.11
111.51 288.05 63.41
110.39 287.28 61.24
110.58 290.40 60.20
