215.3864746094 205.4312438965 239.3399963379
216.2679138184 208.9676208496 230.9669952393
209.1663055420 208.3686981201 240.7449951172
211.6859588623 218.1688079834 247.7768096924
212.4225921631 210.1399993896 231.4680023193
212.0074310303 209.5898590088 235.1300048828
207.4739990234 203.8321990967 233.3099975586
173.5940704346 225.3428497314 208.4299926758
209.0897521973 226.9199981689 251.2700042725
208.7837982178 212.1972045898 245.3912048340
206.7936553955 233.0578155518 255.9739837646
207.5897521973 215.6799926758 242.9199981689
216.9700012207 226.1052246094 247.4173889160
211.8272247314 202.4253540039 233.6500091553
180.3182525635 223.2073059082 208.6809997559
210.8408660889 228.2029724121 254.3799896240
211.9540710449 214.2728424072 242.8499908447
215.1588287354 208.9340209961 244.2399902344
209.8633880615 207.5798645020 233.7626037598
215.0592041016 205.4975891113 241.3981933594
214.4472351074 210.9453582764 231.5800018311
207.8452911377 213.5569305420 248.2040100098
215.2643127441 221.9540710449 246.0223999023
207.4074249268 232.1398620605 254.7100067139
213.0997619629 210.2700042725 231.3000030518
217.0731811523 222.4745788574 248.6779937744
211.6859588623 218.1688079834 247.7768096924
210.1482849121 200.5433807373 233.3260040283
212.1588287354 204.0240325928 229.8899993896
211.6288299561 220.0640258789 253.4899902344
209.1916656494 206.9593505859 234.4403991699
205.0957641602 213.8559112549 249.6130065918
215.6021423340 205.8369293213 238.3731994629
207.3874206543 216.7398529053 243.7599945068
207.9425811768 200.1399993896 232.8379974365
175.5739898682 224.1122131348 202.6999969482
212.5421447754 202.1069335938 234.2332000732
210.9743041992 222.7240753174 246.7823944092
214.4274291992 209.8098602295 237.7299957275
171.1086120605 225.1556243896 205.6676025391
203.1967163086 207.3097381592 226.7099914551
214.1897583008 221.0299987793 245.5500030518
211.6446685791 207.7823486328 235.6900024414
210.6597595215 199.0399932861 233.6399993896
215.2527313232 209.7901000977 236.8889923096
213.1464691162 206.5012359619 243.5000000000
206.7397613525 230.0299987793 252.2300109863
214.1383819580 212.1179656982 241.3260040283
208.6188201904 207.6240234375 243.1999969482
212.2188262939 218.4040222168 250.8199920654
216.2921447754 220.4669342041 247.3831939697
212.0097808838 211.0857086182 247.7618103027
213.2631835938 203.0645904541 235.9979858398
214.0592041016 202.6875915527 238.3481903076
216.6116943359 208.5073699951 238.0099945068
211.5540008545 218.2722015381 249.4199981689
212.1972351074 205.0253601074 233.3600006104
208.8546600342 213.1323547363 246.2599945068
210.7816619873 218.6693572998 246.7304077148
208.3149871826 235.5469207764 258.5754089355
215.4083862305 219.2179565430 246.6660003662
213.2488250732 225.3140258789 253.6900024414
206.4046630859 204.2923431396 234.1499938965
209.1916656494 206.9593505859 234.4403991699
210.1972351074 200.7453613281 233.0299987793
216.7037963867 209.3871917725 235.9711914062
210.3391265869 213.0158691406 247.5940093994
206.7874298096 202.0498657227 237.9100036621
171.1917572021 225.7167968750 204.7810058594
210.0367584229 208.5620117188 231.8446044922
213.6352844238 223.1869201660 251.8240051270
213.0617675781 209.8468017578 230.4010009766
206.6297912598 221.0357055664 251.7017974854
206.2336273193 231.3769836426 253.8096008301
211.6249847412 208.8769226074 232.9953918457
208.1297912598 202.6557006836 238.2218017578
206.7351379395 210.5200042725 241.5330047607
216.4431915283 206.5145874023 238.2479858398
211.3089599609 209.7681732178 241.5569915771
217.1827850342 209.9389953613 234.7861938477
211.6355743408 203.1359100342 232.9290008545
210.3416595459 223.7193603516 249.0503997803
217.7567138672 209.1297302246 234.8099975586
175.1382751465 223.7633819580 204.3959960938
207.3114013672 209.7500000000 240.4788055420
211.1304626465 206.3169403076 233.9273986816
207.9959564209 206.0187988281 229.9468078613
205.8086090088 201.7356109619 237.9076080322
208.6408691406 208.5329742432 231.0800018311
208.7149963379 223.8269195557 252.0853881836
214.1899871826 206.7552337646 240.2473907471
215.8055725098 214.4659118652 248.8190002441
210.8392639160 208.3491973877 240.9042053223
212.0786285400 211.9417724609 232.8959960938
215.0516662598 210.1493530273 238.4403991699
208.0939941406 214.4721984863 243.4799957275
215.8782806396 205.6233825684 234.7460021973
209.9849853516 223.6669158936 247.7854003906
216.2679138184 208.9676208496 230.9669952393
216.2679138184 208.9676208496 230.9669952393
212.8382720947 203.5333862305 236.1860046387
214.0138092041 208.9472045898 240.2711944580
210.8713989258 226.2299957275 248.4888000488
206.9836273193 211.4669799805 241.8395996094
216.7838287354 223.9984741211 248.7213897705
208.6267700195 205.1320037842 237.4546051025
214.1852874756 219.8469238281 250.8240051270
201.9108734131 206.3629760742 227.2699890137
210.2440643311 220.2928466797 254.2599945068
211.6320648193 209.5380401611 245.9320068359
212.3108673096 209.7029724121 239.9499969482
173.9389343262 225.4958343506 208.2319946289
211.6574249268 210.0498657227 237.0299987793
210.5021972656 224.1898651123 250.1999969482
206.8813934326 211.8200073242 241.3088073730
213.5967102051 210.6497344971 239.3899993896
213.0567169189 229.0697326660 255.9900054932
213.8864746094 209.1112365723 246.6600036621
211.7836456299 222.8778228760 246.8040008545
203.4308624268 205.4729766846 227.2200012207
209.1739501953 230.8800048828 249.7238006592
205.0838012695 206.8871917725 226.9411926270
206.6408691406 205.3829650879 234.9899902344
215.8055725098 214.4659118652 248.8190002441
208.0136566162 207.3778228760 232.5240020752
210.4866790771 228.7400054932 249.3919982910
211.3546600342 208.1123504639 244.9100036621
173.5940704346 225.3428497314 208.4299926758
210.5021972656 224.1898651123 250.1999969482
207.9439544678 228.6699981689 249.7537994385
216.6299896240 218.4452362061 244.5873870850
215.8384704590 225.3662872314 247.4697875977
207.5897521973 215.6799926758 242.9199981689
211.8867034912 200.5197296143 237.0500030518
212.4316558838 229.1293487549 253.3704071045
213.4740753174 215.1428527832 248.4599914551
206.8813934326 211.8200073242 241.3088073730
218.4589538574 207.7281799316 234.4669952393
213.2472229004 215.4953613281 243.6200103760
210.8891296387 208.1758575439 241.4840087891
200.6357574463 207.2959136963 224.9430084229
213.9721374512 214.5869293213 245.1331939697
211.4167175293 222.4297332764 253.2099914551
212.9518585205 212.9075317383 241.5919952393
216.2483825684 223.6679534912 247.5859985352
215.7621307373 209.6469268799 243.0531921387
208.9572296143 231.7553558350 254.1500091553
210.0051422119 211.9900054932 240.1529998779
211.8272247314 202.4253540039 233.6500091553
215.7638092041 208.1472015381 232.0411987305
211.9416656494 209.2993621826 230.1004028320
209.5836486816 227.1378173828 250.5639953613
213.0814056396 220.8600006104 245.5688018799
210.8713989258 226.2299957275 248.4888000488
200.6357574463 207.2959136963 224.9430084229
211.8097534180 209.8300018311 232.4500122070
216.7921447754 221.1369323730 248.7031860352
214.4694061279 210.6825408936 236.0839996338
208.1282806396 207.7933807373 241.3860015869
211.3316650391 205.9293518066 235.6903991699
206.4982604980 201.0773010254 238.8610076904
211.8597564697 208.9900054932 236.1900024414
213.7707214355 217.0599975586 245.0926055908
209.4316864014 208.4573669434 242.3600006104
207.8686065674 205.1156158447 236.6576080322
206.7397613525 230.0299987793 252.2300109863
212.4759674072 207.9387969971 234.5268096924
214.6499938965 225.4352264404 246.6273956299
207.5636291504 214.0969848633 241.8595886230
214.3372344971 211.7853546143 233.1200103760
211.4255828857 204.8659057617 242.7590026855
212.3333892822 212.5798645020 248.9126129150
212.9116821289 198.9873657227 236.4900054932
206.6608734131 201.3329772949 239.3099975586
212.4316558838 229.1293487549 253.3704071045
215.2565917969 226.2816925049 249.5557861328
215.9716949463 209.7673645020 243.3999938965
210.9374237061 227.5098571777 249.0400085449
206.6449890137 203.3469238281 236.8954010010
214.8564758301 223.4412384033 251.3000030518
209.4497528076 202.5500030518 232.1399993896
209.0527801514 211.1289978027 231.4161987305
217.3549957275 208.7269287109 237.1253967285
206.2582550049 211.0173034668 244.7810058594
213.0292053223 206.7775878906 232.2281951904
214.4452819824 208.2969207764 244.4140014648
210.3908691406 217.3329772949 248.8799896240
212.2864685059 211.1712493896 247.2300109863
211.4327850342 206.6589965820 243.5261993408
215.6021423340 205.8369293213 238.3731994629
212.8382720947 203.5333862305 236.1860046387
214.7616882324 205.2473754883 239.2500000000
206.2582550049 211.0173034668 244.7810058594
212.1588287354 204.0240325928 229.8899993896
208.1388244629 211.0040283203 245.9499969482
211.1921386719 228.5869293213 254.1531982422
209.7236480713 217.2978210449 244.3639984131
214.8947753906 214.2853240967 246.9010009766
212.0097808838 211.0857086182 247.7618103027
213.4688262939 213.8340301514 247.8999938965
215.4621429443 208.5969390869 241.9731903076
211.3040771484 197.9928436279 237.2999877930
214.5216827393 227.6073760986 251.0599975586
213.7088165283 226.7740325928 251.8999938965
206.9697570801 205.0399932861 232.7500000000
215.5372314453 221.7053527832 245.8300018311
211.1486053467 210.4756164551 246.1376037598
211.6916656494 218.2493591309 247.9104003906
215.8040771484 221.0428466797 250.6599884033
214.2852935791 204.4869232178 239.7340087891
210.5820617676 206.7580413818 240.3920135498
212.8904724121 207.1169433594 243.4073944092
208.5246582031 226.1723480225 252.6699981689
208.1213989258 202.3699951172 233.3688049316
212.4689483643 222.8081817627 254.2269897461
214.0138092041 208.9472045898 240.2711944580
212.0438079834 216.5372009277 249.2711944580
207.1697845459 227.6457061768 251.6717987061
209.3927307129 223.8101043701 249.9789886475
214.1938018799 221.9671936035 251.7312011719
210.5697784424 201.9957122803 238.7317962646
211.1991271973 208.3458557129 243.8639984131
215.3933105469 207.1326904297 240.0679931641
209.3314056396 202.5000000000 232.4188079834
207.0759582520 198.5588073730 237.6368103027
175.3939971924 223.5322113037 205.2600097656
212.8974304199 211.3298645020 232.1399993896
213.0814056396 220.8600006104 245.5688018799
209.3733978271 206.8098602295 243.1426086426
214.5155792236 211.3759155273 246.0890045166
206.6297912598 221.0357055664 251.7017974854
216.2289581299 207.9581756592 230.8069915771
209.5825805664 213.3200073242 239.6880035400
203.4088287354 204.9440307617 226.9899902344
206.8813934326 211.8200073242 241.3088073730
214.3927764893 212.4290008545 249.2962036133
212.9518585205 212.9075317383 241.5919952393
218.4589538574 207.7281799316 234.4669952393
212.9443054199 216.0740661621 243.7723999023
211.8140716553 219.6828460693 253.6299896240
213.9016876221 208.6173706055 244.6300048828
208.9536437988 230.8778228760 252.9539947510
209.7767028809 206.7297363281 236.1199951172
206.7936553955 233.0578155518 255.9739837646
212.0466766357 221.5000000000 245.7120056152
202.0686035156 208.3056182861 226.1275939941
211.8597564697 208.9900054932 236.1900024414
210.9839935303 200.5422058105 233.9300079346
216.2921447754 220.4669342041 247.3831939697
206.6608734131 201.3329772949 239.3099975586
218.7592163086 206.6275939941 236.3582000732
209.8449859619 201.0369262695 239.0354003906
210.7827758789 231.1990051270 253.1761932373
209.7192077637 233.4475860596 257.8081970215
208.7408599854 220.4029693604 253.9799957275
214.7427368164 210.1800994873 231.6189880371
211.6916656494 218.2493591309 247.9104003906
212.4089508057 224.8581848145 253.2969970703
209.4316864014 208.4573669434 242.3600006104
211.5540008545 218.2722015381 249.4199981689
206.7874298096 202.0498657227 237.9100036621
210.8243103027 212.5340728760 240.3123931885
210.5697784424 201.9957122803 238.7317962646
214.0888214111 206.6640319824 232.1399993896
207.1267700195 223.5120086670 250.9346008301
207.2491302490 204.0458679199 236.8040008545
209.8586120605 211.0256195068 245.5876007080
205.8455810547 212.7459106445 249.1889953613
207.3074188232 223.6098632812 248.6999969482
208.6188201904 207.6240234375 243.1999969482
208.1297912598 202.6557006836 238.2218017578
214.6940002441 219.8222045898 246.1100006104
207.4708709717 206.9829711914 229.2500000000
206.2582550049 211.0173034668 244.7810058594
216.6299896240 218.4452362061 244.5873870850
208.7837982178 212.1972045898 245.3912048340
216.3855743408 216.0459136963 246.8889923096
206.5536193848 213.5369873047 242.6696014404
205.9351501465 215.1600036621 243.8529968262
210.7433013916 229.8026885986 255.1380004883
206.6297912598 221.0357055664 251.7017974854
211.6355743408 203.1359100342 232.9290008545
213.9455718994 204.3559112549 242.5489959717
211.3316650391 205.9293518066 235.6903991699
214.9467163086 211.2997283936 243.9599914551
212.9921417236 203.4469299316 234.7831878662
208.7592620850 231.0391998291 251.2142028809
212.0074310303 209.5898590088 235.1300048828
208.1297912598 202.6557006836 238.2218017578
213.0543060303 227.3240661621 248.9423980713
214.4767150879 210.5997314453 231.4799957275
215.4621429443 208.5969390869 241.9731903076
210.2888183594 214.4340209961 250.8799896240
210.5055847168 202.2059020996 238.9889984131
212.4416961670 220.8973693848 252.6499938965
207.9439544678 228.6699981689 249.7537994385
207.3074188232 223.6098632812 248.6999969482
207.6414031982 204.8699951172 231.7187957764
214.1383819580 212.1179656982 241.3260040283
209.4546661377 212.5423431396 244.7599945068
212.3108673096 209.7029724121 239.9499969482
209.3540039062 198.8622131348 233.3099975586
208.6414031982 211.4400024414 239.8587951660
206.9836273193 211.4669799805 241.8395996094
214.9916839600 204.3473663330 237.1199951172
215.4747772217 215.8653259277 244.9709930420
176.0640716553 224.9728546143 207.2200012207
205.9582672119 212.9673004150 245.7810058594
214.5962982178 206.1687011719 235.2649993896
214.1640777588 211.3428497314 235.3600006104
204.9347839355 212.5653228760 247.2709960938
213.5967102051 210.6497344971 239.3899993896
214.5220489502 215.2603912354 245.9270019531
211.7307128906 230.4166564941 251.5760040283
205.8936309814 232.5769805908 254.8096008301
205.0567626953 203.0320129395 235.7446136475
207.6302947998 213.5998382568 246.6949920654
211.6936187744 207.2069854736 236.6396026611
210.4908599854 207.5629730225 239.3699951172
212.5597534180 206.0800018311 235.1600036621
176.2152862549 223.9769287109 206.6640014648
210.7939910889 208.4322052002 242.7799987793
206.3959655762 208.5388031006 242.7468109131
205.6157684326 211.3859100342 244.5630035400
207.8686065674 205.1156158447 236.6576080322
205.1714019775 214.8000030518 246.1488037109
211.6574249268 210.0498657227 237.0299987793
211.3487548828 210.9560089111 246.4085998535
212.8167114258 210.2797393799 237.8699951172
207.6667633057 230.1220092773 250.9046020508
213.6307067871 212.9166564941 243.1460113525
213.2806854248 217.5710296631 248.4302062988
212.0074310303 209.5898590088 235.1300048828
217.6527862549 207.2790069580 238.2761993408
213.6616668701 210.6593627930 238.9104003906
213.2806854248 217.5710296631 248.4302062988
213.6998138428 206.4367523193 234.1799926758
216.7255859375 223.7059020996 249.7189941406
209.2138061523 210.1271972656 244.5612030029
208.9534759521 220.8630523682 254.0359954834
207.4497528076 208.6999969482 241.2400054932
212.6216888428 219.2073669434 252.2299957275
211.4113922119 207.3800048828 236.8388061523
212.6972351074 223.5253601074 247.5500030518
212.1032867432 199.9781036377 234.2140045166
171.1086120605 225.1556243896 205.6676025391
213.0940704346 209.0928497314 246.0299987793
208.0120544434 205.2280426025 230.8120117188
213.2040710449 224.8328552246 252.9899902344
203.4697875977 213.1957092285 248.4217987061
215.8055725098 214.4659118652 248.8190002441
204.2439575195 214.2200012207 246.5037994385
205.8455810547 212.7459106445 249.1889953613
209.9527282715 215.5200958252 242.9389953613
214.4452819824 208.2969207764 244.4140014648
210.0320587158 211.5980529785 246.5020141602
202.0686035156 208.3056182861 226.1275939941
213.0888214111 207.7840270996 245.4700012207
203.1967163086 207.3097381592 226.7099914551
206.2582550049 211.0173034668 244.7810058594
208.0136566162 207.3778228760 232.5240020752
200.9782562256 208.8773040771 226.1610107422
206.7267608643 235.2320098877 257.4245910645
215.1438293457 211.7084808350 245.9913940430
208.4351501465 210.1199951172 239.9329986572
207.7682800293 213.6933746338 248.4459991455
208.0833892822 199.7398681641 239.8026123047
209.8586120605 211.0256195068 245.5876007080
214.1897583008 221.0299987793 245.5500030518
214.5227813721 213.1690063477 246.8562011719
213.8140716553 220.8628540039 251.4799957275
213.0617675781 209.8468017578 230.4010009766
207.3874206543 216.7398529053 243.7599945068
213.2040710449 224.8328552246 252.9899902344
210.7816619873 218.6693572998 246.7304077148
213.6616668701 210.6593627930 238.9104003906
210.4616546631 209.3193511963 230.4004058838
215.7621307373 209.6469268799 243.0531921387
208.0297546387 204.0099945068 231.8200073242
215.4083862305 219.2179565430 246.6660003662
211.8920593262 204.9703979492 240.4869995117
210.6367034912 218.9497375488 246.3199920654
211.6097564697 224.1799926758 248.8400115967
212.2146606445 204.7423553467 239.5299987793
215.4083862305 219.2179565430 246.6660003662
208.2419281006 222.5889892578 253.5880126953
210.1440734863 208.4228515625 231.3600006104
210.1308746338 221.4829711914 253.7699890137
216.3516540527 211.0993499756 234.6103973389
210.2149963379 205.4469146729 238.6053924561
214.9072265625 209.2953491211 240.7799987793
210.8259582520 223.7187957764 250.9168090820
218.7816925049 207.5973663330 234.2500000000
180.8197784424 218.7357025146 206.4217987061
215.7552947998 206.0269317627 231.1340026855
216.7838287354 223.9984741211 248.7213897705
213.4297790527 214.9157104492 248.0518035889
214.0949859619 213.8769226074 248.1454010010
211.0208740234 223.1929779053 249.5099945068
214.3321380615 227.1769409180 251.0932006836
203.4697875977 213.1957092285 248.4217987061
210.2546539307 206.4723510742 238.5299987793
210.2546539307 206.4723510742 238.5299987793
208.1213989258 202.3699951172 233.3688049316
212.0352935791 214.4169311523 248.3639984131
215.4083862305 219.2179565430 246.6660003662
212.2188262939 218.4040222168 250.8199920654
212.2064666748 201.9812469482 237.0899963379
213.0617675781 209.8468017578 230.4010009766
210.1482849121 200.5433807373 233.3260040283
210.7827758789 231.1990051270 253.1761932373
215.1438293457 211.7084808350 245.9913940430
174.8521423340 224.2069396973 203.8531951904
210.4607086182 231.1766510010 254.0460052490
213.4688262939 213.8340301514 247.8999938965
176.2152862549 223.9769287109 206.6640014648
211.7413940430 224.9299926758 248.6488037109
213.0617675781 209.8468017578 230.4010009766
214.1897583008 221.0299987793 245.5500030518
209.8633880615 207.5798645020 233.7626037598
213.0543060303 227.3240661621 248.9423980713
208.4351501465 210.1199951172 239.9329986572
208.5651397705 213.6499938965 240.5030059814
214.2249908447 214.6169281006 245.7053985596
211.2946624756 208.2423553467 237.5899963379
203.4697875977 213.1957092285 248.4217987061
208.4582824707 202.9133758545 232.6259918213
209.4316864014 208.4573669434 242.3600006104
212.4225921631 210.1399993896 231.4680023193
173.9389343262 225.4958343506 208.2319946289
213.8933105469 210.8126831055 247.3880004883
211.5908660889 209.2029724121 245.7500000000
206.7936553955 233.0578155518 255.9739837646
210.8259582520 223.7187957764 250.9168090820
211.5143127441 203.5940704346 232.8724060059
207.1208648682 209.0429687500 243.4799957275
213.1818695068 198.4175262451 235.6419982910
214.2082824707 207.1933746338 233.1660003662
208.6347808838 227.0153198242 250.5209960938
211.9643096924 204.9340667725 233.4223937988
210.7362976074 210.2387084961 240.9649963379
213.3174285889 210.3698577881 230.6399993896
211.8089447021 199.2258300781 238.0220031738
211.2640686035 215.5528564453 249.0399932861
216.3855743408 216.0459136963 246.8889923096
205.8766784668 228.5299987793 253.0720062256
209.3540039062 198.8622131348 233.3099975586
211.1486053467 210.4756164551 246.1376037598
214.8947753906 214.2853240967 246.9010009766
210.2440643311 220.2928466797 254.2599945068
210.1320495605 204.1703948975 231.0070037842
207.6259613037 198.3188018799 236.2968139648
209.0127868652 222.3789978027 253.2361907959
211.1991271973 208.3458557129 243.8639984131
214.1383819580 212.1179656982 241.3260040283
214.2852935791 204.4869232178 239.7340087891
215.1833038330 218.6426849365 249.5780029297
215.0402832031 205.1098327637 230.6349945068
214.4452819824 208.2969207764 244.4140014648
213.7707214355 217.0599975586 245.0926055908
207.3136291504 206.5869750977 233.0795898438
215.0516662598 210.1493530273 238.4403991699
208.6559600830 225.0388031006 252.6868133545
213.6616668701 210.6593627930 238.9104003906
214.4767150879 210.5997314453 231.4799957275
210.7098083496 218.1667480469 248.7500000000
214.5807189941 226.5166473389 250.9360046387
212.0697479248 219.2500000000 246.8800048828
214.4189453125 210.5358276367 235.7519989014
208.1213989258 202.3699951172 233.3688049316
210.8243103027 212.5340728760 240.3123931885
208.8499908447 234.7052307129 256.6574096680
208.5667114258 232.3697357178 255.5500030518
212.1972351074 205.0253601074 233.3600006104
215.7638092041 208.1472015381 232.0411987305
210.8392639160 208.3491973877 240.9042053223
209.3314056396 202.5000000000 232.4188079834
211.4794006348 222.4125366211 250.6540069580
215.2967681885 211.0720062256 232.4846038818
210.8786010742 207.9356231689 240.4676055908
212.3508605957 222.7129669189 251.4299926758
205.1714019775 214.8000030518 246.1488037109
212.8382720947 203.5333862305 236.1860046387
205.0838012695 206.8871917725 226.9411926270
212.7872314453 213.1153564453 242.6699981689
211.8140716553 219.6828460693 253.6299896240
214.0921325684 226.6469268799 252.4631958008
212.4872283936 227.1253509521 248.4800109863
213.5139923096 203.3822021484 236.5599975586
209.0527801514 211.1289978027 231.4161987305
213.0940704346 209.0928497314 246.0299987793
202.2982635498 206.1873016357 227.2109985352
217.8392181396 224.8475799561 248.5681915283
216.7037963867 209.3871917725 235.9711914062
211.6249847412 208.8769226074 232.9953918457
210.5436248779 227.9469757080 249.8495941162
206.7397613525 230.0299987793 252.2300109863
201.9557647705 204.6059112549 225.9929962158
211.7413940430 224.9299926758 248.6488037109
212.0988159180 198.1540222168 237.3300018311
213.8864746094 209.1112365723 246.6600036621
212.5267639160 225.9620056152 247.3946075439
208.9572296143 231.7553558350 254.1500091553
215.7988281250 219.7340240479 250.0999908447
209.4546661377 212.5423431396 244.7599945068
206.0136260986 202.8969726562 235.6396026611
211.7931823730 229.1845855713 253.3179931641
212.2864685059 211.1712493896 247.2300109863
201.6859588623 206.5388031006 224.7667999268
209.2025909424 223.8600006104 251.2080078125
213.0567169189 229.0697326660 255.9900054932
211.9391326904 210.9558563232 247.0240020752
212.4759674072 207.9387969971 234.5268096924
207.2440032959 228.8222045898 252.7900085449
214.6940002441 219.8222045898 246.1100006104
216.9727325439 209.9501037598 235.2789916992
211.5046539307 218.5023498535 248.2799987793
215.9716949463 209.7673645020 243.3999938965
209.0527801514 211.1289978027 231.4161987305
208.9372253418 216.3553466797 243.1999969482
214.6221313477 215.2569274902 246.3631896973
210.0320587158 211.5980529785 246.5020141602
211.4143066406 217.6740722656 244.4624023438
209.5713958740 226.2500000000 250.4188079834
206.9697570801 205.0399932861 232.7500000000
205.8766784668 228.5299987793 253.0720062256
212.9527740479 203.3390045166 240.2661895752
207.5636291504 214.0969848633 241.8595886230
209.0497894287 205.3157043457 241.9918060303
207.9467163086 202.2797393799 238.7500000000
212.0097808838 211.0857086182 247.7618103027
211.6859588623 218.1688079834 247.7768096924
206.3414001465 201.1799926758 234.2788085938
212.3866729736 211.2400054932 240.9620056152
210.4959564209 206.1688079834 239.1068115234
212.4872283936 227.1253509521 248.4800109863
208.4667053223 223.8397369385 249.5399932861
213.9488220215 204.4140319824 240.0899963379
216.2289581299 207.9581756592 230.8069915771
214.6499938965 225.4352264404 246.6273956299
212.1146545410 218.4623565674 246.6499938965
207.3874206543 216.7398529053 243.7599945068
209.0127868652 222.3789978027 253.2361907959
215.5804748535 224.7069396973 250.8073883057
208.0939941406 214.4721984863 243.4799957275
211.8867034912 200.5197296143 237.0500030518
206.1417694092 214.0068054199 243.7510070801
211.4794006348 222.4125366211 250.6540069580
210.1972351074 200.7453613281 233.0299987793
214.1852874756 219.8469238281 250.8240051270
211.8072357178 221.8153533936 251.8099975586
209.9940643311 205.6728515625 236.9599914551
208.2184600830 233.5162811279 256.2998046875
208.8799896240 213.8508453369 246.4100036621
212.0133056641 229.0426940918 252.6679992676
209.4497528076 202.5500030518 232.1399993896
212.8974304199 211.3298645020 232.1399993896
213.0316925049 219.2373657227 249.9799957275
209.5713958740 226.2500000000 250.4188079834
208.9516906738 211.8373718262 245.1100006104
208.7757568359 222.0759124756 254.6329956055
215.0502929688 206.7498321533 232.0249938965
213.4472351074 228.4553527832 254.5900115967
211.5540008545 218.2722015381 249.4199981689
206.5374298096 231.0898590088 253.0700073242
209.3540039062 198.8622131348 233.3099975586
210.8891296387 208.1758575439 241.4840087891
174.8521423340 224.2069396973 203.8531951904
204.5597839355 200.5557098389 236.5118103027
210.5697784424 201.9957122803 238.7317962646
208.8586273193 225.6617736816 252.6360015869
209.7192077637 233.4475860596 257.8081970215
215.1833038330 218.6426849365 249.5780029297
216.7838287354 223.9984741211 248.7213897705
211.4394073486 201.0225372314 236.5940093994
213.9527740479 206.1490020752 243.3161926270
211.8399963379 218.3908538818 251.1300048828
206.1557617188 199.4959106445 237.6430053711
211.3089599609 209.7681732178 241.5569915771
213.0316925049 219.2373657227 249.9799957275
212.2864685059 211.1712493896 247.2300109863
208.9536437988 230.8778228760 252.9539947510
210.2149963379 205.4469146729 238.6053924561
208.6267700195 205.1320037842 237.4546051025
211.4316864014 202.3073730469 233.2599945068
214.1149902344 226.2769165039 248.5453948975
215.7552947998 206.0269317627 231.1340026855
213.9016876221 208.6173706055 244.6300048828
211.0272216797 218.3353576660 244.9199981689
208.1440734863 212.3128509521 246.5099945068
209.1574249268 224.4898529053 251.9799957275
208.4302825928 208.9598388672 244.3750000000
173.5940704346 225.3428497314 208.4299926758
209.1739501953 230.8800048828 249.7238006592
216.2483825684 223.6679534912 247.5859985352
213.7088165283 226.7740325928 251.8999938965
210.8408660889 228.2029724121 254.3799896240
207.4646606445 203.2623443604 233.2200012207
211.7836456299 222.8778228760 246.8040008545
210.7362976074 210.2387084961 240.9649963379
210.8197479248 207.2200012207 237.1300048828
215.1833038330 218.6426849365 249.5780029297
209.7767028809 206.7297363281 236.1199951172
213.2238159180 203.3784790039 237.5113983154
212.8425903320 208.4900054932 233.2279968262
207.9425811768 200.1399993896 232.8379974365
208.6408691406 208.5329742432 231.0800018311
206.4351501465 212.4700012207 242.5330047607
209.3733978271 206.8098602295 243.1426086426
211.5908660889 209.2029724121 245.7500000000
212.1032867432 199.9781036377 234.2140045166
212.6416931152 198.7973632812 234.7599945068
211.0220489502 201.9403991699 236.6770019531
212.1032867432 199.9781036377 234.2140045166
208.7837982178 212.1972045898 245.3912048340
208.6779174805 200.9176177979 239.2669982910
205.9157562256 209.4359130859 243.5630035400
216.3927764893 217.8390045166 247.6561889648
211.6097564697 224.1799926758 248.8400115967
209.4386138916 214.2056121826 247.1775970459
201.6859588623 206.5388031006 224.7667999268
214.9431915283 210.1945800781 245.5679931641
210.7939910889 208.4322052002 242.7799987793
210.7433013916 229.8026885986 255.1380004883
213.2540740967 226.6228485107 254.2500000000
214.1852874756 219.8469238281 250.8240051270
175.3939971924 223.5322113037 205.2600097656
173.9389343262 225.4958343506 208.2319946289
211.2093963623 215.5125427246 242.5440063477
208.4667053223 223.8397369385 249.5399932861
215.7621307373 209.6469268799 243.0531921387
210.2149963379 205.4469146729 238.6053924561
211.5046539307 218.5023498535 248.2799987793
209.8125915527 198.8300018311 233.7380065918
217.8392181396 224.8475799561 248.5681915283
211.1016845703 215.2673645020 250.0399932861
207.9467163086 202.2797393799 238.7500000000
213.9152832031 203.7469329834 238.4540100098
206.9697570801 205.0399932861 232.7500000000
206.4417572021 212.0568084717 242.7510070801
214.0921325684 226.6469268799 252.4631958008
206.4474182129 214.5398559570 243.8899993896
207.8914031982 212.3800048828 240.4987945557
206.4417572021 212.0568084717 242.7510070801
214.7839508057 217.5200042725 244.2037963867
209.0527801514 211.1289978027 231.4161987305
210.8713989258 226.2299957275 248.4888000488
213.0643005371 212.6640777588 241.4423980713
208.7443084717 230.7540740967 252.9024047852
209.6202850342 213.6098327637 251.4250030518
214.0494079590 212.3325347900 234.3240051270
208.5651397705 213.6499938965 240.5030059814
206.7267608643 235.2320098877 257.4245910645
209.8033142090 206.3026885986 234.7080078125
210.7247772217 202.9553222656 231.0110015869
215.6182708740 207.0533752441 232.7959899902
208.9952850342 214.2569274902 248.5039978027
215.4038085938 208.4371948242 239.8011932373
213.0888214111 207.7840270996 245.4700012207
211.9643096924 204.9340667725 233.4223937988
210.0051422119 211.9900054932 240.1529998779
216.6116943359 208.5073699951 238.0099945068
212.5388183594 206.0340270996 231.0200042725
212.1272277832 214.7153472900 240.6100006104
207.9439544678 228.6699981689 249.7537994385
208.1379241943 212.8076171875 246.1869964600
212.0074310303 209.5898590088 235.1300048828
210.6367034912 218.9497375488 246.3199920654
210.8933868408 203.4898681641 239.8825988770
208.1302947998 210.9098358154 245.3750000000
202.1862945557 206.6287078857 223.7250061035
211.8808746338 208.8729705811 236.5299987793
210.2546539307 206.4723510742 238.5299987793
213.6437988281 225.3071899414 252.7312011719
209.7236480713 217.2978210449 244.3639984131
206.6408691406 212.4229736328 246.2299957275
209.0897521973 226.9199981689 251.2700042725
214.0921325684 226.6469268799 252.4631958008
210.1972351074 200.7453613281 233.0299987793
214.6221313477 215.2569274902 246.3631896973
216.9552917480 205.8369293213 237.0140075684
213.9467163086 212.3997344971 234.5200042725
210.3416595459 223.7193603516 249.0503997803
217.3040008545 206.6322021484 233.6900024414
208.6267700195 205.1320037842 237.4546051025
215.8127746582 216.2590026855 249.5861968994
215.2565917969 226.2816925049 249.5557861328
208.5339965820 202.8022003174 232.3800048828
212.4774169922 220.2698669434 246.0899963379
215.8782806396 205.6233825684 234.7460021973
209.3314056396 202.5000000000 232.4188079834
208.9572296143 231.7553558350 254.1500091553
215.5372314453 221.7053527832 245.8300018311
211.9416656494 209.2993621826 230.1004028320
205.9882812500 212.8433837891 247.0559997559
211.1474304199 223.9098663330 248.1100006104
212.8382720947 203.5333862305 236.1860046387
206.5614013672 229.6600036621 252.4488067627
215.4038085938 208.4371948242 239.8011932373
210.0916900635 213.9573669434 250.5200042725
209.3927307129 223.8101043701 249.9789886475
209.8239593506 206.3399963379 240.0738067627
180.8659667969 219.6287994385 206.0068054199
214.5962982178 206.1687011719 235.2649993896
214.5155792236 211.3759155273 246.0890045166
216.2483825684 223.6679534912 247.5859985352
209.8633880615 207.5798645020 233.7626037598
211.6916656494 218.2493591309 247.9104003906
210.7613983154 214.9799957275 243.3188018799
210.7659606934 208.7088012695 244.7768096924
207.5897521973 215.6799926758 242.9199981689
209.6239929199 214.3022003174 249.4799957275
174.8521423340 224.2069396973 203.8531951904
173.5888214111 224.0340270996 207.8699951172
207.9467163086 202.2797393799 238.7500000000
212.4452819824 204.2269287109 229.6640014648
209.6239929199 214.3022003174 249.4799957275
211.2214050293 221.7899932861 246.5388031006
212.1146545410 218.4623565674 246.6499938965
207.4497528076 208.6999969482 241.2400054932
209.4021911621 204.6298675537 229.7200012207
212.5597534180 206.0800018311 235.1600036621
208.0736236572 206.2769775391 234.3896026611
209.6202850342 213.6098327637 251.4250030518
216.2483825684 223.6679534912 247.5859985352
208.2184600830 233.5162811279 256.2998046875
210.7247772217 202.9553222656 231.0110015869
213.5139923096 203.3822021484 236.5599975586
214.2249908447 214.6169281006 245.7053985596
209.7192077637 233.4475860596 257.8081970215
208.7443084717 230.7540740967 252.9024047852
207.8686065674 205.1156158447 236.6576080322
213.9455718994 204.3559112549 242.5489959717
206.4351501465 212.4700012207 242.5330047607
171.1917572021 225.7167968750 204.7810058594
206.4982604980 201.0773010254 238.8610076904
206.9533996582 222.5298614502 252.8526000977
209.4546661377 212.5423431396 244.7599945068
212.0347747803 201.3653259277 237.5809936523
209.1739501953 230.8800048828 249.7238006592
213.9527740479 206.1490020752 243.3161926270
207.5886077881 202.9256134033 236.9976043701
210.8936309814 223.5069732666 247.8995971680
213.6437988281 225.3071899414 252.7312011719
212.2064666748 201.9812469482 237.0899963379
206.5486145020 217.4817657471 244.5059967041
216.4349975586 226.9469146729 249.3353881836
212.2188262939 218.4040222168 250.8199920654
210.1320495605 204.1703948975 231.0070037842
207.7117614746 223.4768066406 248.7610015869
215.8782806396 205.6233825684 234.7460021973
211.2214050293 221.7899932861 246.5388031006
215.9131927490 224.5245819092 250.2079925537
210.7098083496 218.1667480469 248.7500000000
206.7674255371 206.0998535156 233.5899963379
209.8852844238 198.0269317627 238.5440063477
211.9416656494 209.2993621826 230.1004028320
215.1833038330 218.6426849365 249.5780029297
211.1304626465 206.3169403076 233.9273986816
207.8855743408 207.3359069824 229.5590057373
211.0208740234 223.1929779053 249.5099945068
212.5908660889 208.0829772949 232.4199981689
215.7621307373 209.6469268799 243.0531921387
214.3927764893 212.4290008545 249.2962036133
214.4343109131 210.0840759277 240.6123962402
206.8813934326 211.8200073242 241.3088073730
211.3497619629 222.8500061035 247.2700042725
211.1486053467 210.4756164551 246.1376037598
208.9534759521 220.8630523682 254.0359954834
208.3786010742 207.7856140137 231.3076019287
214.4343109131 210.0840759277 240.6123962402
208.0872344971 230.7053527832 252.5100097656
210.6367034912 218.9497375488 246.3199920654
211.2214050293 221.7899932861 246.5388031006
204.9340667725 205.3628540039 227.5000000000
210.8259582520 223.7187957764 250.9168090820
213.4688262939 213.8340301514 247.8999938965
205.9351501465 215.1600036621 243.8529968262
213.2631835938 203.0645904541 235.9979858398
213.6998138428 206.4367523193 234.1799926758
217.6455841064 205.4859161377 237.5090026855
214.9431915283 210.1945800781 245.5679931641
205.8766784668 228.5299987793 253.0720062256
201.4551391602 208.3800048828 222.9130096436
213.6352844238 223.1869201660 251.8240051270
211.6167144775 200.3297271729 235.3199920654
179.9757537842 221.6259155273 207.4629974365
214.0272216797 219.8853607178 245.5299987793
214.5220489502 215.2603912354 245.9270019531
210.7098083496 218.1667480469 248.7500000000
217.8392181396 224.8475799561 248.5681915283
210.5127868652 203.9989929199 239.7561950684
208.0136566162 207.3778228760 232.5240020752
173.5352935791 222.8569335938 205.2140045166
210.4291229248 205.6458587646 238.6940002441
210.8197479248 207.2200012207 237.1300048828
208.5339965820 202.8022003174 232.3800048828
207.1267700195 223.5120086670 250.9346008301
211.0220489502 201.9403991699 236.6770019531
208.8083953857 232.5579528809 255.2459869385
211.3487548828 210.9560089111 246.4085998535
203.4308624268 205.4729766846 227.2200012207
215.2697906494 205.9357147217 236.7418060303
208.6940002441 226.7322082520 253.3899993896
207.1697845459 227.6457061768 251.6717987061
212.4316558838 229.1293487549 253.3704071045
208.8083953857 232.5579528809 255.2459869385
205.0957641602 213.8559112549 249.6130065918
212.8316955566 204.1073760986 234.1999969482
209.0792541504 207.5491943359 231.4242095947
208.1388244629 211.0040283203 245.9499969482
212.1272277832 214.7153472900 240.6100006104
209.0386047363 226.8056182861 254.0476074219
214.2083892822 217.6279602051 244.9660034180
213.3052825928 213.9069213867 247.7239990234
215.6292114258 212.5175933838 244.9382019043
212.9527740479 203.3390045166 240.2661895752
206.3959655762 208.5388031006 242.7468109131
211.8272247314 202.4253540039 233.6500091553
206.7397613525 230.0299987793 252.2300109863
205.1714019775 214.8000030518 246.1488037109
209.8633880615 207.5798645020 233.7626037598
205.6136474609 229.9078216553 254.1640014648
213.6616668701 210.6593627930 238.9104003906
214.5155792236 211.3759155273 246.0890045166
207.5636291504 214.0969848633 241.8595886230
213.0292053223 206.7775878906 232.2281951904
215.7552947998 206.0269317627 231.1340026855
206.7674255371 206.0998535156 233.5899963379
210.4246673584 204.3523559570 229.3300018311
217.1827850342 209.9389953613 234.7861938477
209.8937988281 200.1472015381 239.4512023926
215.3372344971 210.6853485107 242.5599975586
205.4259643555 199.9687957764 236.5468139648
210.1972351074 200.7453613281 233.0299987793
216.2647857666 207.9653167725 232.1009979248
213.2291259766 218.7858581543 249.2140045166
208.3627319336 202.4501037598 238.0489959717
215.7621307373 209.6469268799 243.0531921387
214.1383819580 212.1179656982 241.3260040283
202.1862945557 206.6287078857 223.7250061035
214.4274291992 209.8098602295 237.7299957275
211.6320648193 209.5380401611 245.9320068359
210.8392639160 208.3491973877 240.9042053223
207.9539947510 207.4922027588 241.8000030518
