174.57 229.58 204.81
174.95 228.73 205.85
175.18 229.33 206.73
174.07 228.13 206.10
176.17 227.84 205.52
177.07 228.37 205.81
175.92 226.70 206.34
175.31 225.72 205.53
175.50 224.74 205.96
173.83 225.84 205.32
172.98 225.10 206.09
173.03 225.11 207.17
172.37 224.18 205.39
172.63 224.60 204.08
172.53 224.05 202.78
172.37 222.77 202.54
172.42 222.15 203.34
172.65 222.51 201.60
172.86 224.73 201.68
173.30 225.97 201.85
173.58 226.51 200.96
173.50 226.59 202.99
173.22 225.83 204.08
176.35 227.31 204.06
175.60 227.74 203.41
176.14 225.80 204.26
177.07 225.29 204.48
175.68 225.32 203.40
177.63 227.56 203.48
178.27 226.70 202.25
179.25 227.48 201.50
177.21 225.96 201.52
179.08 225.59 203.11
179.65 225.87 204.39
180.02 224.92 204.78
178.89 226.22 205.09
180.80 226.90 204.45
180.40 227.92 204.47
181.51 226.54 205.64
182.60 225.68 205.30
183.54 226.15 205.58
182.51 224.37 205.98
181.72 224.00 207.04
181.15 224.73 207.59
181.68 222.71 207.26
182.50 222.19 206.24
182.77 220.84 205.78
182.43 219.76 206.23
183.45 220.80 204.57
183.56 219.89 204.15
183.99 221.89 203.98
183.87 221.95 202.68
183.11 221.42 202.28
183.98 222.91 202.38
183.92 223.10 204.46
183.09 223.21 205.54
182.56 225.53 203.76
182.00 224.64 203.47
202.73 213.77 222.68
205.08 212.71 222.94
207.26 211.23 223.68
206.44 210.74 223.16
208.08 210.51 223.74
206.76 211.58 225.10
205.35 211.80 225.09
204.67 210.65 225.50
203.88 211.00 226.17
204.00 209.83 224.45
202.65 209.63 224.50
201.94 210.43 224.61
202.34 208.38 224.74
203.59 207.75 224.54
204.17 206.51 224.90
203.66 205.69 225.79
204.37 205.13 226.24
202.85 206.02 226.29
205.40 206.17 224.54
206.11 207.08 223.88
207.11 206.80 223.59
205.76 208.33 223.61
204.49 208.62 224.01
207.00 210.43 226.10
207.66 209.68 225.67
205.62 209.87 226.40
205.34 210.09 227.43
205.61 208.79 226.27
207.52 210.93 227.32
208.04 209.97 228.50
207.12 208.81 228.60
208.28 210.81 229.69
209.45 209.44 227.95
209.62 208.18 227.32
210.63 208.16 226.91
208.92 208.08 226.49
209.45 206.96 228.27
208.41 206.64 228.27
210.33 205.94 227.77
211.54 205.97 228.53
211.60 205.10 229.19
212.79 206.16 227.74
212.90 206.41 226.40
212.15 206.09 225.70
213.93 207.16 226.08
214.51 207.46 227.32
215.46 208.46 227.77
216.18 209.23 227.14
215.45 208.63 229.14
215.82 209.50 229.50
214.85 207.77 230.00
214.24 208.31 231.01
214.13 209.31 231.06
213.53 207.74 231.44
214.23 206.67 229.62
213.95 206.66 228.29
209.90 207.23 229.72
209.58 208.19 230.10
211.38 207.21 229.42
211.67 208.13 228.92
211.98 207.11 230.32
209.54 206.20 230.63
210.29 205.97 232.05
211.15 207.11 232.42
210.87 204.61 231.97
209.07 206.00 233.07
208.63 204.87 233.76
207.58 205.04 234.01
208.64 204.01 233.08
209.39 204.56 235.07
209.43 205.44 235.70
208.47 203.60 235.53
209.11 202.37 235.41
209.56 202.19 236.39
208.19 201.23 235.22
208.98 200.14 234.98
209.46 200.07 234.01
209.53 199.53 236.07
210.85 198.83 235.88
211.54 199.23 236.63
210.74 197.76 236.04
211.27 199.04 234.90
208.98 199.77 237.41
209.37 199.27 238.46
207.86 200.58 237.44
207.60 200.99 238.33
207.33 201.18 236.32
206.17 201.58 236.32
210.77 203.84 235.01
211.46 204.35 234.34
210.32 202.50 234.46
210.06 202.55 233.40
211.09 201.75 234.63
211.48 203.38 236.18
211.18 203.74 237.72
212.18 203.02 238.54
209.74 203.68 238.03
211.65 205.20 237.42
213.01 205.49 237.32
213.62 204.59 237.26
213.17 206.08 236.42
213.38 206.23 238.60
213.39 205.49 239.39
214.66 206.83 238.43
214.49 208.06 237.76
215.24 208.75 238.15
214.75 207.92 236.28
213.88 208.49 235.37
212.82 208.53 235.55
214.38 209.15 234.30
213.46 210.14 233.61
213.60 211.11 234.10
213.71 210.27 232.56
212.42 209.83 233.71
215.79 209.01 233.93
216.41 209.62 233.06
216.47 208.08 234.67
217.41 207.84 234.39
216.05 207.58 235.88
216.88 206.96 236.55
212.40 207.38 238.88
211.43 207.22 238.39
213.10 208.57 238.23
212.47 208.99 237.45
213.25 209.36 238.97
212.11 207.73 240.21
212.05 206.77 241.53
210.66 206.34 241.80
213.18 205.83 241.59
212.42 207.90 242.59
213.24 208.99 242.20
214.17 208.62 241.76
212.70 209.51 241.42
213.54 210.04 243.28
214.60 210.01 243.54
213.18 211.24 242.60
211.87 211.57 243.03
212.05 212.44 243.65
210.89 211.99 241.98
210.62 213.32 241.83
211.39 214.04 241.59
209.45 213.65 242.33
208.88 212.38 242.54
207.87 211.82 243.35
207.32 212.47 244.36
207.58 212.08 245.25
207.26 213.48 244.31
207.62 210.52 243.36
208.30 209.75 242.52
208.06 208.70 242.50
209.32 210.12 241.76
209.63 211.44 241.90
212.67 209.92 244.55
212.53 208.86 244.77
211.38 210.47 244.00
210.71 210.84 244.77
210.90 209.64 243.48
213.16 210.51 245.75
213.10 212.07 246.20
213.75 212.85 245.13
213.62 212.11 247.57
211.56 212.57 246.32
210.96 213.65 245.59
210.03 213.88 246.12
210.63 213.29 244.62
211.75 214.98 245.36
212.51 214.82 244.60
210.78 215.92 244.91
210.22 216.58 246.05
210.29 217.66 245.90
208.78 216.16 246.19
207.93 215.68 245.22
208.20 215.68 244.18
206.82 215.16 245.68
206.94 215.30 247.07
206.16 214.80 248.19
205.08 214.22 248.23
206.80 214.94 249.41
206.38 214.47 250.19
207.94 215.65 249.58
208.81 215.17 250.41
208.72 214.20 250.66
209.73 215.51 250.18
208.57 216.28 248.62
208.09 216.00 247.37
212.40 215.65 246.59
212.91 214.91 247.20
211.13 216.16 247.23
210.70 215.32 247.78
211.33 216.99 247.90
213.25 216.75 246.24
214.68 217.06 246.97
215.62 217.52 245.93
215.04 215.94 247.86
214.45 218.34 247.94
213.59 219.38 247.55
213.29 219.21 246.51
212.68 219.25 248.14
214.07 220.86 247.61
214.80 221.03 246.81
212.84 221.50 247.35
212.21 221.79 248.58
211.96 222.85 248.53
210.95 220.99 248.80
210.89 220.22 249.94
211.66 219.48 250.12
210.12 220.65 250.96
210.55 220.28 252.37
211.07 221.14 252.79
209.68 220.06 253.00
211.25 219.45 252.37
209.03 221.60 250.70
208.24 222.06 251.51
208.89 221.94 249.37
208.12 222.55 249.12
209.78 221.63 248.37
209.51 221.90 247.21
214.57 221.53 248.93
215.24 220.81 249.40
213.28 221.59 249.69
213.25 220.63 250.22
213.29 222.37 250.45
215.29 222.79 248.86
214.74 224.36 248.93
213.64 224.51 247.97
215.96 225.18 248.76
214.13 224.84 250.39
212.73 224.93 250.69
212.64 224.60 251.73
212.22 224.18 250.10
211.86 226.23 250.53
211.75 226.45 249.46
210.64 225.76 251.11
210.56 226.25 252.46
209.70 226.92 252.53
210.42 225.21 253.50
210.24 223.86 253.35
209.97 223.43 252.40
210.48 223.16 254.43
210.86 224.14 255.37
211.44 224.06 256.69
211.66 223.10 257.41
211.93 225.27 257.14
212.44 225.26 258.01
211.75 226.45 256.50
212.84 227.14 256.34
213.70 226.61 256.36
212.71 227.78 255.57
211.06 226.57 255.40
210.71 225.39 254.83
212.11 227.57 251.32
213.15 227.85 251.20
211.87 227.04 252.69
212.69 226.39 252.99
211.78 227.86 253.40
211.28 228.74 251.03
209.97 229.46 251.84
210.01 230.88 251.45
208.78 228.67 251.48
210.01 229.50 253.50
208.97 228.98 254.38
209.38 228.93 255.39
208.80 227.94 254.09
207.55 229.66 254.49
207.35 230.03 253.49
206.67 228.53 254.71
206.07 228.61 255.99
205.02 228.89 255.90
206.23 227.43 256.90
206.02 226.10 256.62
205.69 225.76 255.65
206.30 225.27 257.61
206.72 226.12 258.64
208.56 229.04 260.13
209.41 228.58 259.82
208.34 229.88 259.61
206.86 228.51 259.03
206.57 227.42 258.26
207.21 230.86 255.49
208.22 231.08 255.13
206.84 229.79 256.53
207.76 229.47 257.01
206.13 230.18 257.26
207.85 231.68 256.52
207.12 232.51 257.76
205.65 232.52 257.59
207.84 233.78 258.00
207.47 231.53 259.01
207.46 231.95 260.37
208.39 231.59 260.81
207.49 233.03 260.44
206.31 231.38 261.23
205.90 230.48 260.77
206.92 231.08 262.49
207.64 233.34 263.21
207.11 234.56 262.84
206.25 234.62 262.18
207.48 235.69 263.48
206.54 236.88 263.38
207.08 237.79 263.13
205.76 236.69 262.65
208.65 235.70 264.36
208.85 233.30 263.92
205.16 232.36 261.54
205.39 233.30 261.02
203.84 232.01 261.17
202.67 233.13 261.23
203.27 234.43 261.61
